0 16 69
0 14 72
0 5 33
0 18 81
0 90 87
0 43 95
0 40 47
0 95 10
0 78 65
0 69 44
0 63 52
0 2 48
0 3 45
0 20 43
0 67 24
0 50 30
0 86 25
0 48 63
0 15 77
0 8 20
0 61 23
0 30 75
0 56 86
0 19 14
0 6 44
0 81 100
1 5 27
1 27 6
1 38 73
1 13 58
1 41 11
1 66 91
1 61 6
1 75 6
1 2 88
1 95 80
1 45 81
1 58 9
1 25 16
1 94 29
1 30 21
1 29 100
1 88 43
1 89 65
1 90 42
1 49 21
1 73 27
1 63 28
2 69 37
2 71 1
2 21 51
2 24 52
2 73 10
2 91 43
2 27 60
2 79 64
2 95 94
2 80 88
2 25 69
2 9 69
2 98 83
2 89 88
2 39 53
2 61 68
2 50 10
2 60 31
2 54 72
2 29 62
2 90 61
2 63 79
2 18 69
2 96 32
2 76 100
3 72 56
3 43 74
3 84 22
3 12 38
3 94 21
3 95 86
3 35 43
3 25 82
3 15 82
3 47 9
3 73 89
3 26 10
3 93 94
3 17 66
3 70 63
3 68 2
3 46 33
3 27 43
3 61 54
3 60 56
3 41 17
3 71 46
3 20 7
3 81 97
3 66 47
3 99 89
3 32 37
3 75 77
3 53 92
3 77 60
4 71 77
4 68 13
4 42 72
4 76 60
4 79 39
4 48 13
4 50 1
4 46 17
4 99 86
4 14 88
4 62 23
4 96 96
4 31 59
4 25 30
4 58 56
4 66 36
4 54 42
4 72 71
4 75 33
4 86 63
4 28 56
4 5 4
5 16 81
5 49 16
5 79 77
5 9 57
5 18 95
5 35 26
5 43 54
5 78 21
5 70 96
5 23 79
5 42 82
5 75 62
5 24 41
5 17 58
5 64 97
5 11 69
5 59 98
5 10 51
5 29 31
5 63 70
5 45 40
5 54 7
6 60 34
6 14 3
6 35 97
6 13 36
6 38 95
6 93 12
6 75 26
6 96 6
6 99 98
6 64 18
6 44 21
6 47 51
6 23 87
6 42 99
6 7 16
6 97 57
6 25 18
7 36 2
7 60 90
7 17 40
7 14 57
7 58 33
7 87 60
7 79 3
7 49 18
7 72 55
7 96 89
7 65 52
7 66 78
7 68 2
7 55 44
7 67 43
7 71 59
7 22 25
7 90 83
7 48 96
7 62 93
7 42 76
7 74 86
7 61 79
7 41 18
7 43 3
7 84 76
7 97 92
7 46 25
7 25 83
8 10 69
8 22 80
8 27 97
8 64 60
8 25 74
8 42 98
8 69 27
8 60 31
8 41 79
8 21 37
8 45 66
8 96 64
8 26 42
8 59 78
8 91 93
8 52 21
8 92 39
8 73 3
8 88 64
8 72 98
8 16 48
8 33 6
8 85 33
9 35 79
9 21 25
9 10 3
9 97 16
9 33 17
9 39 27
9 28 62
9 15 10
9 49 15
9 66 55
9 27 18
9 34 97
9 88 35
9 94 73
9 43 84
9 91 90
9 98 19
9 67 96
9 31 100
9 53 82
9 16 39
9 46 28
9 57 41
9 86 39
10 17 6
10 49 53
10 21 90
10 92 94
10 69 4
10 73 50
10 80 38
10 82 44
10 91 51
10 34 24
10 33 52
10 75 24
10 97 89
10 89 27
10 38 44
10 85 32
10 18 28
10 43 62
10 25 38
10 53 86
11 41 15
11 62 28
11 82 70
11 87 12
11 67 18
11 90 60
11 65 77
11 52 6
11 24 29
11 91 56
11 70 94
11 72 74
11 42 83
11 21 92
11 59 56
11 35 56
11 94 88
12 68 81
12 61 22
12 54 58
12 43 48
12 27 25
12 74 16
12 28 15
12 46 34
12 75 79
12 77 24
12 66 11
12 97 2
12 91 42
12 92 12
12 60 86
12 78 70
12 93 18
12 89 59
12 55 53
12 63 49
12 17 28
12 21 84
12 81 45
12 26 60
13 40 9
13 82 34
13 38 67
13 21 65
13 27 69
13 39 90
13 71 48
13 98 25
13 55 21
13 83 43
13 89 96
13 72 94
13 86 82
13 99 68
13 65 53
13 49 9
13 47 87
13 93 32
13 50 6
13 62 74
13 43 85
13 15 22
13 87 72
13 31 40
13 20 48
14 84 7
14 17 73
14 48 55
14 45 89
14 70 75
14 31 10
14 22 42
14 81 1
14 21 27
14 73 50
14 59 30
14 35 87
14 27 58
14 42 25
14 32 6
15 90 34
15 40 83
15 37 72
15 38 91
15 54 78
15 64 80
15 55 61
15 78 23
15 49 53
15 89 90
15 73 49
15 82 35
15 56 50
15 47 18
15 45 41
15 93 66
15 88 24
15 35 73
16 83 63
16 80 62
16 87 1
16 34 8
16 77 80
16 29 7
16 28 71
16 94 48
16 44 80
16 22 25
16 20 89
16 25 12
16 65 31
16 68 90
16 54 31
16 33 77
16 18 34
16 23 29
16 32 48
16 17 48
16 72 39
16 67 61
17 44 59
17 60 69
17 22 24
17 28 58
17 81 32
17 40 81
17 86 45
17 27 72
17 84 4
17 42 11
17 35 91
17 33 40
17 78 96
17 99 1
17 62 75
17 73 41
17 55 38
17 67 28
18 96 20
18 73 79
18 63 26
18 25 79
18 35 52
18 93 64
18 95 49
18 86 38
18 72 72
18 51 50
18 66 36
18 91 35
18 90 57
18 53 34
18 33 84
18 19 98
18 39 62
18 98 33
18 61 94
18 49 14
18 44 35
18 28 51
18 78 87
19 95 35
19 20 29
19 81 68
19 86 63
19 43 97
19 87 4
19 90 58
19 75 12
19 55 62
19 77 37
19 73 76
19 34 49
19 96 54
19 47 32
19 44 73
19 79 9
19 92 80
19 33 49
19 51 14
19 30 67
19 38 70
19 94 79
20 63 16
20 37 86
20 54 70
20 31 58
20 80 58
20 77 49
20 82 76
20 25 63
20 33 75
20 98 75
20 40 96
20 66 5
20 24 45
20 60 64
20 41 98
20 50 25
20 47 74
20 27 24
20 86 3
20 83 56
20 53 90
20 36 7
20 42 57
20 21 4
21 91 56
21 48 78
21 81 39
21 31 64
21 89 10
21 24 49
21 80 100
21 45 67
21 97 89
21 77 54
21 73 68
21 49 73
21 34 80
21 75 96
21 33 13
21 60 46
21 23 49
21 59 30
21 35 5
22 31 54
22 80 36
22 65 58
22 94 84
22 35 28
22 75 10
22 79 49
22 59 53
22 78 27
22 28 62
22 86 10
22 87 67
22 92 73
22 90 36
22 56 35
22 70 39
22 60 32
22 76 28
22 42 90
23 37 63
23 61 38
23 25 17
23 33 6
23 98 76
23 60 6
23 41 78
23 40 83
23 35 33
23 24 71
23 76 75
23 26 66
23 38 8
23 44 8
23 78 63
23 77 37
23 67 94
23 52 26
23 65 2
23 75 43
24 40 17
24 92 80
24 81 14
24 34 62
24 88 71
24 72 22
24 96 59
24 70 90
24 74 65
24 76 39
24 27 15
24 49 1
24 47 21
24 56 70
24 55 96
24 29 25
24 43 1
24 75 98
24 25 59
24 42 15
25 70 1
25 68 92
25 40 78
25 62 79
25 72 95
25 87 21
25 95 22
25 32 20
25 76 67
25 53 53
25 67 59
25 92 36
25 74 55
25 90 9
25 47 9
25 63 99
25 28 88
25 61 23
26 54 61
26 63 1
26 27 70
26 44 74
26 39 7
26 60 67
26 50 77
26 91 68
26 79 67
26 86 96
26 49 42
26 82 63
26 62 99
26 71 85
26 90 9
26 66 57
26 41 11
26 52 65
26 59 43
26 99 41
26 65 92
26 29 65
27 51 23
27 81 93
27 80 72
27 95 1
27 85 6
27 62 24
27 48 90
27 97 89
27 40 48
27 29 12
27 36 62
27 89 17
27 84 80
27 37 11
27 44 34
27 91 90
27 47 36
27 66 77
28 40 88
28 49 65
28 86 48
28 57 15
28 72 15
28 39 5
28 92 28
28 97 100
28 87 95
28 82 51
28 95 100
28 83 68
28 67 44
28 77 67
28 79 68
28 69 34
28 66 20
28 94 22
29 59 97
29 62 84
29 44 96
29 46 73
29 54 49
29 75 60
29 64 66
29 61 90
29 53 95
29 69 41
29 83 62
29 86 72
29 38 27
29 41 33
29 55 42
29 96 68
29 32 14
29 90 61
29 91 95
29 97 99
30 63 94
30 87 5
30 68 66
30 89 56
30 55 77
30 64 96
30 78 25
30 70 8
30 72 49
30 73 52
30 51 47
30 95 29
30 60 92
30 93 50
30 71 68
30 58 73
30 80 43
30 92 82
30 56 20
31 51 55
31 48 86
31 55 34
31 56 88
31 89 37
31 98 9
31 70 85
31 39 35
31 45 79
31 94 79
31 66 5
31 83 39
31 63 87
31 96 86
31 50 19
32 35 21
32 99 49
32 85 21
32 81 87
32 49 90
32 89 20
32 79 76
32 39 22
32 44 36
32 36 97
32 88 68
32 90 24
32 93 17
32 68 92
32 73 65
32 87 82
32 56 24
33 85 1
33 62 38
33 72 12
33 78 47
33 81 77
33 77 23
33 67 69
33 92 58
33 73 87
33 84 18
33 34 14
33 97 89
33 49 66
33 61 57
33 70 85
33 45 70
34 51 32
34 69 42
34 53 97
34 96 27
34 42 11
34 35 42
34 62 50
34 76 86
34 70 79
34 93 73
34 40 36
34 54 90
34 65 56
34 94 65
34 59 63
34 82 54
35 69 90
35 46 93
35 79 27
35 39 100
35 48 37
35 66 41
35 77 33
35 61 46
35 43 67
35 89 53
35 84 42
35 92 100
35 86 8
35 63 81
35 49 14
36 98 35
36 45 99
36 90 91
36 76 50
36 65 67
36 51 61
36 91 44
36 56 40
36 50 100
36 85 89
36 82 26
36 88 32
36 86 59
36 48 10
36 77 1
36 44 77
36 69 56
36 38 78
37 89 78
37 50 7
37 99 25
37 77 63
37 91 48
37 66 1
37 63 91
37 43 63
37 45 75
37 97 7
37 68 21
37 93 83
37 90 78
38 46 5
38 84 77
38 53 68
38 52 58
38 69 28
38 77 55
38 93 43
38 40 11
38 58 40
38 63 23
38 96 54
38 42 66
38 64 80
39 47 26
39 45 41
39 98 10
39 56 17
39 53 51
39 95 19
39 48 72
39 88 82
39 70 13
39 63 32
39 54 32
40 54 30
40 68 13
40 72 83
40 48 11
40 45 3
40 76 16
40 50 87
40 91 90
40 58 71
40 90 15
40 59 56
40 64 89
40 92 78
40 71 70
40 96 11
40 65 91
41 76 48
41 96 82
41 74 43
41 60 80
41 64 42
41 61 89
41 50 47
41 92 57
41 77 35
41 46 53
41 53 85
41 44 7
41 69 97
42 54 50
42 66 12
42 50 74
42 80 67
42 76 79
42 75 84
42 64 20
42 71 72
42 77 53
42 60 5
42 67 81
42 78 4
42 73 76
42 68 8
42 53 87
42 57 62
42 59 5
42 58 94
42 96 57
42 46 64
42 88 74
42 49 52
43 55 73
43 91 13
43 81 37
43 54 46
43 61 43
43 93 8
43 80 99
43 57 5
43 49 28
43 52 92
43 98 25
43 47 22
43 74 58
43 83 53
44 66 14
44 89 55
44 48 16
44 94 5
44 60 27
44 58 19
44 99 54
44 84 11
44 73 64
44 83 80
44 62 59
44 70 62
44 64 64
44 72 39
45 98 25
45 65 74
45 80 36
45 68 50
45 69 24
45 86 98
45 64 79
45 54 96
45 74 55
45 57 100
45 83 5
45 90 87
45 51 18
45 85 46
45 58 38
45 91 51
46 85 51
46 92 62
46 68 88
46 63 90
46 83 26
46 62 78
46 95 92
46 52 4
46 99 51
46 76 4
46 93 44
46 88 13
46 94 73
46 64 42
46 48 83
46 80 20
47 98 95
47 49 81
47 51 80
47 77 45
47 64 73
47 75 70
47 92 62
47 85 27
47 59 73
47 56 89
47 61 72
47 62 58
47 86 71
47 72 27
48 58 84
48 83 86
48 79 79
48 74 11
48 51 35
48 91 72
48 90 3
48 98 92
48 52 85
49 83 64
49 96 79
49 61 30
49 54 27
49 80 19
49 69 11
49 92 34
49 98 50
49 50 41
49 62 70
49 99 96
49 84 60
49 70 50
49 71 39
49 55 38
49 81 55
49 63 88
50 59 32
50 63 42
50 73 83
50 58 51
50 70 35
50 84 44
50 74 12
50 92 45
50 69 34
50 86 16
50 98 17
50 91 18
50 89 88
51 74 22
51 87 8
51 97 64
51 69 61
51 95 78
51 83 3
51 57 53
51 68 65
51 52 26
51 89 61
51 85 73
51 91 87
51 81 71
51 65 78
51 54 24
51 79 54
51 75 78
52 95 37
52 66 83
52 75 13
52 93 80
52 61 97
52 56 36
52 79 54
52 94 27
52 72 80
52 67 92
53 68 68
53 85 100
53 58 31
53 92 79
53 69 73
53 87 71
53 83 74
54 72 56
54 83 80
54 96 45
54 91 26
54 89 75
54 78 52
54 59 63
55 59 65
55 97 27
55 58 74
55 76 78
55 77 30
55 71 63
55 70 41
55 98 24
55 73 28
55 63 28
55 64 24
55 65 77
55 96 15
55 95 85
56 69 39
56 78 61
56 67 48
56 74 44
56 62 35
56 63 73
56 70 91
56 95 24
56 99 70
56 77 78
56 57 61
56 58 68
56 81 52
56 60 84
56 84 63
56 93 13
56 87 68
56 86 95
56 89 2
57 65 44
57 78 73
57 80 49
57 85 21
57 82 46
57 89 54
57 86 83
57 60 90
57 58 20
57 92 60
57 74 6
57 73 78
58 93 66
58 61 11
58 68 76
58 70 7
58 94 30
58 95 62
58 98 20
58 86 26
58 83 76
59 78 63
59 75 51
59 97 10
59 96 32
59 65 77
59 82 97
59 72 77
59 60 38
59 63 66
59 90 24
59 73 92
59 89 75
60 64 69
60 82 62
60 79 4
60 94 7
60 85 72
60 92 26
60 99 6
60 66 83
60 98 18
61 76 59
61 95 57
61 68 36
61 97 14
61 65 82
61 66 93
61 83 91
61 81 61
61 85 27
62 69 30
62 68 37
62 63 80
62 95 47
62 66 20
62 78 41
62 97 48
62 77 63
63 70 39
63 69 16
63 95 11
63 80 34
63 98 31
64 67 70
64 85 47
64 90 4
64 73 88
64 86 3
65 82 41
65 67 34
65 83 37
65 84 33
65 98 34
65 70 3
65 69 25
66 75 2
66 85 26
66 68 7
66 71 81
66 89 36
66 97 81
67 95 62
67 98 62
67 85 36
67 74 25
67 78 89
67 70 54
67 84 61
67 75 40
68 94 92
68 98 12
68 84 63
68 97 86
68 87 27
68 90 38
68 96 55
68 80 45
68 85 88
68 78 62
69 85 91
69 70 76
69 74 75
69 72 68
69 71 24
70 80 95
70 88 7
70 73 22
70 94 84
70 87 33
70 86 29
70 81 79
70 71 13
71 90 81
71 98 43
71 80 51
71 87 75
71 97 29
71 77 95
71 88 84
71 94 30
71 82 86
72 82 20
72 97 21
72 86 25
72 83 84
72 84 30
73 84 100
73 91 39
73 90 56
73 82 91
74 88 98
74 95 25
74 87 94
74 90 62
74 89 57
74 82 78
74 98 58
75 91 65
75 82 30
75 89 22
75 99 88
75 95 24
75 84 94
75 97 88
75 92 1
76 90 69
76 92 67
76 77 21
76 78 29
76 89 95
76 86 58
77 97 49
77 98 7
77 80 22
77 99 57
77 78 20
77 81 17
77 96 19
78 95 38
78 79 30
78 80 28
78 96 92
78 91 57
78 94 59
79 85 87
79 83 92
79 94 11
79 81 95
79 90 15
79 92 98
80 99 89
80 95 65
81 86 2
81 89 88
81 88 23
81 99 58
81 96 90
82 90 59
82 97 52
82 86 99
82 83 43
83 94 48
83 99 99
83 93 4
83 90 35
83 88 18
84 94 38
84 98 16
84 87 100
85 98 46
85 90 24
85 91 46
85 95 42
85 87 3
86 96 64
86 99 35
86 88 43
86 87 95
86 91 1
87 94 27
87 92 49
87 88 85
88 99 3
88 92 16
88 90 88
88 95 59
89 98 83
89 95 25
91 94 63
91 95 33
91 98 15
91 97 9
92 96 12
92 95 28
93 94 12
97 99 73
