0 81 96
0 49 20
0 67 5
0 53 15
0 13 86
0 65 64
0 51 89
0 96 41
0 83 65
0 84 56
0 75 21
0 34 96
0 85 71
0 54 27
0 88 15
0 30 73
0 59 40
0 18 6
0 7 29
0 6 19
0 95 42
0 19 12
0 97 69
0 27 87
0 44 95
0 78 73
0 73 23
0 3 23
0 52 30
0 33 63
0 77 41
0 11 68
0 23 35
0 48 71
0 60 89
0 90 75
0 98 24
0 61 1
0 42 94
0 69 47
0 87 10
0 17 22
0 41 89
0 14 15
0 45 77
0 76 30
0 26 99
0 39 89
0 50 97
0 91 29
0 43 38
0 74 87
0 12 34
0 62 97
0 93 93
0 56 48
0 21 23
0 58 64
0 8 77
0 89 12
0 20 57
0 22 5
0 16 72
0 40 10
0 47 41
0 64 95
0 68 42
0 57 29
0 72 19
0 86 57
0 79 7
0 1 94
0 25 55
0 55 43
0 66 21
0 94 80
0 37 78
0 29 67
0 31 97
0 80 73
0 63 28
0 46 39
0 5 36
0 99 88
0 36 90
0 32 16
0 82 59
0 71 72
0 28 59
0 92 19
0 10 20
0 70 50
0 24 99
0 15 1
0 38 1
0 9 19
0 2 24
0 35 37
0 4 8
1 65 90
1 68 3
1 57 78
1 7 45
1 15 3
1 96 31
1 45 42
1 43 7
1 31 100
1 93 71
1 39 27
1 89 3
1 58 24
1 82 67
1 92 70
1 13 22
1 25 6
1 80 27
1 47 97
1 86 9
1 56 93
1 26 23
1 69 66
1 62 60
1 12 9
1 66 36
1 51 3
1 19 87
1 18 41
1 83 3
1 9 57
1 94 93
1 40 39
1 72 31
1 23 97
1 75 52
1 10 76
1 52 4
1 17 80
1 99 94
1 22 23
1 71 70
1 64 89
1 33 77
1 53 18
1 78 54
1 54 54
1 4 100
1 70 76
1 59 61
1 32 86
1 97 93
1 46 90
1 87 79
1 11 93
1 28 77
1 27 86
1 14 59
1 79 41
1 74 61
1 91 30
1 3 63
1 8 11
1 90 69
1 55 51
1 36 12
1 16 29
1 76 23
1 60 64
1 88 91
1 63 53
1 85 35
1 95 90
1 67 99
1 41 6
1 84 75
1 48 67
1 77 21
1 21 33
1 49 71
1 50 76
1 5 33
1 61 28
1 37 5
1 73 48
1 81 42
1 44 85
1 38 59
1 42 7
1 34 49
1 24 94
1 29 62
1 20 97
1 30 94
1 35 82
1 2 16
1 98 90
1 6 17
2 74 8
2 15 18
2 5 94
2 75 83
2 43 48
2 95 70
2 62 2
2 44 23
2 84 61
2 13 54
2 79 39
2 56 63
2 22 24
2 89 76
2 28 29
2 81 25
2 90 27
2 8 68
2 30 68
2 19 79
2 54 64
2 58 64
2 21 71
2 32 90
2 99 37
2 42 23
2 67 74
2 35 72
2 92 60
2 70 58
2 10 98
2 94 57
2 23 41
2 69 7
2 33 71
2 12 24
2 47 85
2 37 1
2 96 20
2 50 51
2 11 91
2 59 46
2 71 2
2 61 35
2 9 88
2 97 67
2 7 67
2 66 81
2 55 89
2 86 91
2 26 97
2 17 29
2 76 56
2 98 48
2 39 51
2 88 63
2 40 61
2 52 89
2 60 1
2 93 67
2 80 56
2 41 92
2 91 93
2 36 38
2 68 68
2 64 89
2 20 22
2 29 28
2 65 91
2 77 94
2 3 68
2 73 31
2 78 64
2 72 8
2 6 46
2 38 73
2 48 75
2 63 74
2 46 11
2 83 12
2 34 11
2 27 69
2 51 89
2 85 19
2 18 88
2 49 93
2 45 33
2 16 55
2 25 71
2 14 39
2 24 10
2 53 12
2 4 93
2 82 46
2 31 3
2 57 73
2 87 29
3 31 62
3 73 92
3 83 9
3 11 1
3 39 26
3 80 71
3 45 57
3 12 46
3 16 47
3 48 26
3 40 49
3 50 46
3 47 72
3 85 92
3 53 86
3 52 59
3 70 19
3 77 67
3 55 93
3 23 80
3 75 8
3 94 12
3 30 13
3 90 16
3 6 17
3 54 94
3 57 54
3 91 40
3 93 96
3 98 16
3 5 50
3 76 87
3 82 32
3 87 42
3 28 81
3 15 51
3 66 69
3 18 46
3 68 79
3 63 99
3 51 42
3 62 48
3 4 64
3 42 10
3 67 54
3 56 48
3 96 78
3 86 77
3 7 4
3 24 67
3 20 60
3 9 13
3 74 58
3 61 100
3 36 82
3 72 31
3 92 28
3 79 78
3 88 83
3 37 6
3 10 95
3 27 89
3 43 83
3 26 63
3 17 57
3 25 46
3 84 45
3 59 88
3 97 37
3 89 94
3 58 36
3 35 98
3 8 3
3 38 67
3 71 80
3 14 48
3 64 93
3 60 96
3 69 79
3 49 68
3 33 69
3 13 86
3 34 78
3 29 16
3 32 86
3 65 86
3 46 66
3 21 66
3 19 12
3 78 37
3 99 86
3 41 97
3 44 87
3 22 100
3 95 68
3 81 82
4 57 66
4 20 65
4 14 15
4 16 4
4 71 31
4 32 30
4 42 55
4 7 71
4 60 25
4 81 94
4 23 96
4 44 76
4 77 50
4 86 11
4 25 51
4 72 83
4 48 63
4 87 67
4 6 46
4 31 55
4 22 90
4 59 62
4 58 67
4 90 59
4 34 65
4 67 96
4 9 69
4 89 17
4 5 59
4 39 46
4 85 67
4 95 34
4 91 73
4 84 91
4 98 23
4 17 59
4 28 13
4 66 96
4 75 43
4 26 81
4 8 41
4 13 18
4 83 94
4 74 76
4 49 53
4 78 69
4 62 31
4 94 50
4 18 6
4 99 73
4 88 51
4 45 36
4 92 54
4 73 31
4 29 12
4 30 2
4 56 3
4 27 4
4 76 29
4 35 7
4 64 96
4 19 69
4 97 41
4 68 56
4 52 94
4 24 18
4 11 78
4 40 8
4 38 49
4 65 93
4 93 7
4 46 28
4 55 9
4 37 49
4 70 74
4 33 25
4 50 93
4 82 3
4 96 45
4 54 92
4 36 43
4 21 96
4 63 69
4 41 32
4 61 85
4 10 98
4 12 39
4 69 68
4 43 99
4 47 84
4 15 25
4 80 79
4 51 100
4 53 19
4 79 47
5 41 83
5 33 73
5 28 46
5 52 66
5 34 20
5 93 93
5 16 82
5 64 24
5 29 35
5 49 49
5 30 5
5 97 3
5 72 56
5 96 73
5 78 79
5 58 45
5 81 10
5 13 99
5 66 81
5 99 75
5 37 25
5 92 9
5 10 8
5 43 99
5 48 95
5 26 26
5 19 16
5 14 34
5 11 37
5 86 52
5 84 80
5 68 36
5 79 48
5 40 19
5 71 85
5 80 69
5 6 41
5 46 92
5 91 88
5 87 90
5 35 6
5 31 34
5 21 78
5 50 50
5 69 77
5 55 54
5 54 88
5 44 94
5 76 32
5 39 17
5 56 71
5 94 59
5 32 19
5 22 28
5 7 38
5 59 30
5 38 23
5 65 38
5 98 51
5 90 6
5 61 90
5 89 34
5 12 100
5 74 36
5 27 30
5 24 60
5 95 100
5 82 67
5 15 51
5 42 98
5 88 23
5 17 4
5 83 44
5 8 93
5 51 90
5 77 16
5 36 36
5 62 72
5 73 55
5 47 55
5 60 9
5 57 9
5 75 15
5 67 38
5 20 100
5 70 95
5 85 17
5 25 78
5 23 85
5 45 60
5 18 32
5 63 51
5 9 56
5 53 98
6 60 18
6 81 68
6 56 83
6 61 31
6 32 45
6 24 30
6 28 96
6 72 86
6 7 21
6 31 95
6 59 36
6 70 20
6 46 27
6 13 52
6 65 78
6 97 61
6 11 86
6 15 61
6 85 63
6 12 93
6 19 33
6 64 34
6 84 83
6 8 25
6 34 13
6 39 54
6 73 52
6 40 5
6 91 70
6 30 33
6 33 92
6 83 68
6 36 55
6 44 97
6 66 90
6 90 6
6 62 54
6 96 43
6 49 84
6 92 95
6 38 55
6 41 90
6 68 67
6 57 42
6 26 76
6 69 64
6 87 64
6 77 56
6 79 64
6 21 50
6 98 97
6 35 38
6 48 11
6 16 29
6 18 44
6 86 91
6 78 11
6 99 77
6 58 74
6 67 95
6 63 65
6 47 36
6 89 1
6 22 20
6 74 44
6 29 29
6 17 79
6 95 88
6 94 82
6 10 39
6 51 34
6 37 95
6 23 53
6 88 66
6 25 54
6 75 46
6 27 46
6 20 52
6 82 42
6 80 62
6 71 67
6 50 27
6 54 1
6 93 93
6 14 2
6 52 52
6 53 57
6 42 21
6 9 89
6 55 8
6 45 76
6 43 58
6 76 82
7 63 58
7 32 85
7 26 21
7 65 52
7 12 53
7 74 11
7 88 28
7 21 70
7 53 58
7 45 26
7 64 85
7 44 71
7 81 32
7 19 79
7 80 46
7 24 53
7 23 14
7 78 55
7 77 24
7 38 89
7 27 28
7 96 65
7 68 5
7 43 18
7 72 79
7 91 40
7 51 78
7 58 84
7 83 63
7 82 85
7 47 84
7 84 87
7 30 28
7 35 1
7 62 68
7 17 33
7 16 96
7 54 10
7 67 45
7 89 37
7 76 77
7 40 85
7 98 66
7 52 17
7 93 99
7 9 70
7 8 98
7 59 45
7 73 26
7 15 58
7 28 46
7 94 26
7 87 56
7 39 74
7 50 80
7 86 10
7 31 8
7 49 95
7 75 23
7 55 96
7 42 76
7 90 74
7 29 76
7 41 83
7 34 76
7 48 38
7 20 19
7 66 23
7 95 68
7 92 23
7 99 88
7 10 88
7 70 96
7 36 47
7 61 93
7 79 38
7 60 50
7 56 82
7 37 21
7 22 53
7 97 98
7 33 11
7 57 1
7 25 28
7 71 36
7 14 91
7 11 64
7 13 26
7 69 90
7 18 82
7 46 54
7 85 77
8 25 17
8 69 61
8 31 37
8 41 88
8 21 28
8 78 69
8 56 57
8 97 16
8 52 88
8 49 27
8 29 35
8 44 47
8 79 57
8 18 49
8 19 76
8 84 34
8 58 95
8 46 86
8 45 48
8 17 66
8 48 61
8 28 95
8 98 56
8 89 57
8 59 60
8 10 100
8 66 38
8 35 86
8 34 32
8 96 79
8 65 44
8 14 75
8 50 32
8 77 26
8 90 79
8 68 74
8 24 94
8 82 22
8 62 58
8 92 82
8 93 52
8 80 34
8 57 83
8 94 25
8 71 16
8 20 16
8 36 37
8 40 57
8 22 53
8 61 48
8 88 2
8 30 39
8 55 10
8 42 30
8 73 53
8 76 36
8 81 70
8 32 51
8 16 60
8 9 66
8 86 85
8 87 82
8 47 86
8 11 52
8 27 50
8 39 3
8 85 47
8 37 39
8 95 30
8 13 70
8 51 84
8 54 48
8 64 100
8 43 10
8 67 54
8 75 84
8 12 48
8 72 39
8 83 28
8 99 44
8 33 20
8 63 100
8 53 63
8 15 37
8 74 45
8 26 41
8 23 92
8 70 69
8 91 68
8 60 50
8 38 61
9 45 38
9 44 44
9 30 3
9 61 21
9 86 14
9 24 93
9 47 53
9 69 94
9 36 20
9 33 16
9 15 96
9 85 37
9 27 33
9 34 74
9 51 1
9 70 64
9 66 14
9 97 66
9 38 77
9 54 21
9 87 70
9 58 39
9 40 11
9 81 38
9 20 40
9 46 81
9 23 61
9 19 5
9 93 92
9 99 37
9 48 41
9 43 86
9 21 92
9 88 27
9 18 12
9 78 99
9 76 21
9 39 10
9 17 77
9 96 30
9 62 63
9 10 31
9 14 87
9 75 81
9 74 68
9 92 99
9 53 24
9 72 81
9 89 23
9 49 74
9 83 50
9 67 9
9 71 39
9 63 51
9 79 12
9 52 93
9 65 64
9 50 58
9 28 42
9 26 35
9 57 5
9 77 91
9 22 25
9 68 82
9 73 4
9 35 10
9 80 48
9 90 22
9 91 39
9 13 46
9 31 80
9 25 17
9 12 62
9 11 18
9 94 14
9 64 34
9 42 19
9 60 83
9 16 87
9 55 4
9 41 8
9 98 20
9 37 62
9 32 53
9 95 93
9 59 9
9 82 24
9 56 89
9 29 8
9 84 53
10 17 94
10 12 52
10 70 53
10 13 20
10 45 27
10 83 85
10 71 32
10 37 63
10 84 70
10 98 59
10 80 77
10 19 12
10 48 70
10 76 24
10 20 19
10 64 52
10 56 19
10 32 25
10 49 69
10 67 63
10 11 34
10 79 27
10 93 11
10 42 61
10 60 58
10 50 16
10 27 63
10 86 2
10 18 98
10 66 86
10 43 90
10 29 40
10 89 54
10 58 66
10 16 75
10 88 72
10 63 45
10 40 95
10 69 24
10 39 83
10 78 61
10 35 20
10 65 60
10 41 62
10 97 1
10 62 91
10 92 40
10 23 59
10 77 13
10 94 40
10 38 87
10 36 86
10 22 58
10 90 100
10 96 14
10 74 34
10 53 52
10 28 69
10 14 26
10 24 85
10 30 93
10 68 68
10 33 94
10 26 91
10 73 92
10 91 93
10 59 63
10 81 53
10 57 31
10 85 8
10 99 48
10 72 51
10 87 16
10 55 40
10 54 24
10 75 42
10 44 54
10 47 73
10 95 68
10 31 31
10 15 98
10 46 53
10 34 1
10 82 14
10 51 32
10 25 54
10 52 64
10 61 74
10 21 44
11 40 42
11 92 14
11 23 95
11 66 70
11 98 70
11 24 82
11 51 84
11 43 85
11 69 21
11 15 75
11 45 69
11 28 56
11 90 24
11 80 76
11 86 15
11 19 33
11 68 30
11 67 72
11 65 43
11 62 54
11 97 6
11 59 2
11 32 3
11 85 94
11 14 1
11 38 62
11 20 54
11 25 22
11 41 24
11 35 21
11 21 49
11 47 33
11 39 75
11 73 99
11 33 36
11 74 91
11 89 63
11 93 54
11 81 2
11 29 46
11 57 62
11 79 74
11 16 92
11 83 55
11 78 63
11 61 39
11 13 99
11 37 28
11 34 24
11 50 94
11 49 64
11 87 17
11 77 15
11 91 81
11 36 95
11 64 17
11 53 90
11 30 87
11 75 70
11 58 75
11 99 5
11 26 30
11 84 22
11 27 75
11 60 39
11 31 60
11 63 22
11 88 92
11 82 3
11 46 70
11 95 3
11 52 37
11 72 14
11 18 32
11 96 67
11 71 59
11 12 20
11 54 46
11 70 92
11 56 74
11 17 14
11 48 60
11 94 41
11 42 18
11 55 93
11 44 85
11 76 6
11 22 55
12 31 59
12 58 97
12 86 66
12 80 26
12 83 58
12 22 96
12 64 22
12 43 57
12 57 58
12 26 89
12 61 16
12 52 64
12 28 41
12 24 72
12 32 21
12 40 66
12 93 37
12 91 15
12 41 17
12 74 85
12 75 50
12 69 20
12 13 40
12 84 66
12 82 87
12 19 25
12 17 39
12 85 62
12 38 33
12 72 23
12 18 89
12 73 88
12 30 65
12 90 47
12 45 28
12 37 27
12 42 41
12 44 72
12 53 60
12 65 86
12 79 71
12 16 82
12 97 96
12 87 85
12 23 53
12 94 55
12 50 59
12 56 24
12 27 72
12 59 97
12 46 5
12 68 36
12 89 47
12 95 58
12 63 3
12 20 88
12 98 38
12 76 8
12 67 34
12 21 38
12 47 36
12 48 17
12 34 56
12 49 41
12 36 85
12 66 29
12 35 76
12 99 40
12 51 97
12 33 90
12 14 24
12 60 18
12 81 16
12 62 44
12 70 25
12 25 77
12 92 73
12 77 33
12 96 38
12 29 99
12 15 4
12 55 99
12 78 87
12 71 9
12 54 34
12 88 85
12 39 62
13 49 7
13 50 92
13 73 13
13 42 25
13 90 17
13 95 76
13 88 6
13 85 88
13 45 33
13 86 7
13 29 12
13 39 62
13 20 61
13 17 53
13 14 85
13 54 35
13 60 75
13 77 1
13 68 8
13 33 8
13 26 73
13 81 37
13 63 34
13 15 6
13 65 16
13 99 36
13 76 8
13 79 41
13 21 30
13 25 18
13 89 32
13 34 19
13 32 26
13 41 11
13 18 75
13 37 90
13 31 62
13 72 66
13 98 98
13 83 15
13 44 65
13 92 72
13 46 8
13 74 13
13 24 57
13 82 84
13 48 86
13 40 87
13 53 100
13 43 67
13 87 94
13 97 6
13 55 75
13 23 59
13 64 22
13 93 76
13 28 68
13 84 50
13 19 69
13 52 31
13 38 33
13 69 18
13 59 12
13 62 81
13 94 33
13 67 48
13 36 31
13 80 18
13 56 32
13 47 40
13 70 13
13 16 46
13 27 61
13 96 57
13 61 97
13 30 17
13 71 59
13 57 81
13 78 25
13 91 69
13 75 98
13 58 33
13 66 6
13 51 70
13 22 13
13 35 57
14 81 55
14 99 21
14 41 55
14 30 7
14 20 21
14 54 4
14 45 26
14 51 43
14 24 91
14 64 15
14 78 74
14 25 19
14 28 23
14 61 78
14 72 34
14 44 85
14 63 2
14 77 48
14 36 31
14 32 62
14 57 79
14 88 33
14 62 63
14 73 85
14 31 86
14 27 6
14 92 86
14 60 5
14 94 57
14 70 76
14 55 63
14 79 36
14 48 12
14 37 79
14 59 74
14 91 26
14 56 23
14 75 21
14 29 47
14 66 79
14 47 92
14 65 80
14 43 85
14 38 23
14 83 27
14 22 41
14 93 83
14 18 22
14 68 31
14 26 71
14 34 79
14 15 30
14 23 45
14 89 2
14 97 79
14 53 57
14 76 29
14 84 29
14 67 30
14 90 21
14 96 84
14 17 20
14 80 30
14 71 64
14 95 66
14 69 25
14 33 72
14 46 63
14 50 7
14 98 24
14 85 55
14 42 2
14 82 8
14 58 33
14 52 97
14 39 59
14 86 60
14 40 3
14 35 78
14 19 13
14 16 80
14 49 28
14 21 15
14 87 6
14 74 77
15 50 66
15 97 54
15 61 31
15 80 38
15 42 92
15 87 18
15 90 99
15 25 13
15 17 96
15 48 74
15 59 70
15 45 38
15 33 34
15 96 10
15 18 68
15 95 24
15 88 89
15 26 9
15 16 6
15 39 37
15 36 84
15 41 20
15 84 13
15 65 100
15 55 25
15 70 61
15 43 88
15 85 43
15 24 91
15 89 86
15 71 43
15 62 43
15 94 40
15 76 65
15 72 74
15 83 78
15 98 61
15 40 8
15 35 45
15 81 56
15 69 26
15 75 14
15 66 15
15 23 40
15 44 29
15 68 14
15 54 78
15 60 28
15 93 81
15 78 78
15 22 78
15 77 15
15 57 44
15 74 25
15 79 1
15 27 80
15 58 65
15 49 72
15 30 46
15 51 89
15 92 62
15 32 60
15 47 61
15 31 18
15 46 18
15 37 85
15 28 80
15 67 18
15 56 11
15 82 4
15 19 36
15 38 16
15 91 53
15 52 42
15 63 48
15 29 74
15 99 11
15 21 67
15 64 69
15 73 87
15 86 25
15 20 3
15 34 54
15 53 50
16 59 7
16 60 92
16 48 75
16 31 58
16 80 62
16 65 100
16 99 81
16 18 9
16 37 53
16 43 22
16 87 17
16 91 28
16 83 31
16 20 87
16 82 53
16 64 61
16 67 56
16 70 46
16 45 40
16 49 85
16 84 77
16 44 81
16 38 97
16 86 16
16 32 57
16 96 4
16 85 60
16 24 46
16 89 7
16 66 4
16 97 42
16 53 73
16 68 33
16 19 51
16 58 2
16 76 69
16 90 17
16 78 91
16 40 61
16 55 13
16 51 35
16 26 28
16 81 35
16 88 54
16 74 15
16 29 24
16 57 70
16 92 15
16 27 73
16 35 71
16 71 33
16 34 66
16 75 71
16 30 14
16 21 20
16 41 37
16 63 1
16 62 85
16 42 11
16 56 82
16 94 80
16 25 6
16 28 73
16 98 29
16 46 63
16 52 58
16 22 33
16 50 6
16 54 95
16 93 72
16 77 93
16 33 75
16 47 62
16 79 71
16 36 2
16 39 7
16 23 8
16 95 40
16 61 94
16 72 75
16 17 78
16 73 73
16 69 15
17 26 73
17 62 84
17 50 12
17 78 28
17 35 68
17 45 48
17 85 50
17 86 29
17 23 81
17 41 97
17 47 70
17 71 13
17 91 46
17 20 63
17 59 89
17 81 34
17 34 91
17 69 78
17 94 46
17 39 18
17 74 64
17 18 88
17 66 86
17 84 100
17 24 91
17 72 96
17 75 12
17 52 92
17 77 78
17 51 23
17 99 14
17 44 62
17 83 96
17 97 39
17 67 8
17 54 52
17 33 96
17 22 10
17 27 2
17 32 18
17 90 85
17 28 35
17 88 42
17 80 34
17 92 8
17 31 23
17 36 7
17 73 28
17 95 28
17 38 34
17 43 73
17 55 29
17 89 51
17 79 41
17 96 69
17 93 91
17 64 86
17 68 34
17 65 41
17 58 1
17 53 79
17 19 62
17 70 7
17 49 33
17 61 57
17 56 69
17 57 44
17 25 43
17 87 79
17 63 97
17 98 53
17 42 50
17 40 4
17 48 42
17 76 98
17 21 96
17 46 77
17 60 14
17 29 22
17 82 65
17 37 68
17 30 12
18 67 34
18 73 81
18 83 94
18 34 62
18 44 49
18 69 96
18 94 36
18 72 45
18 41 35
18 26 31
18 20 26
18 36 93
18 66 59
18 28 58
18 89 84
18 86 83
18 45 5
18 76 63
18 82 75
18 79 35
18 50 35
18 30 45
18 23 33
18 46 33
18 65 100
18 60 73
18 27 39
18 49 44
18 75 4
18 43 3
18 56 33
18 58 22
18 97 25
18 63 15
18 19 82
18 31 85
18 98 79
18 64 92
18 90 24
18 47 37
18 52 21
18 87 52
18 96 62
18 84 38
18 70 56
18 74 83
18 62 96
18 59 58
18 39 56
18 32 63
18 78 74
18 35 62
18 68 18
18 21 12
18 55 29
18 95 99
18 71 58
18 40 57
18 61 14
18 54 98
18 37 24
18 48 18
18 25 45
18 38 38
18 53 31
18 42 8
18 51 95
18 80 34
18 24 12
18 92 42
18 33 36
18 81 11
18 85 4
18 88 63
18 22 34
18 99 73
18 77 100
18 29 34
18 91 14
18 57 84
18 93 50
19 90 13
19 91 99
19 53 64
19 54 89
19 96 42
19 49 74
19 61 53
19 36 5
19 85 7
19 69 90
19 60 67
19 82 89
19 66 45
19 62 10
19 25 30
19 37 50
19 92 31
19 99 74
19 89 84
19 45 10
19 65 2
19 95 78
19 42 17
19 97 56
19 78 77
19 76 63
19 68 56
19 41 78
19 21 88
19 98 23
19 44 82
19 70 94
19 67 74
19 94 1
19 51 100
19 30 70
19 27 66
19 73 48
19 46 60
19 35 16
19 64 19
19 79 75
19 55 25
19 63 88
19 87 29
19 50 34
19 72 67
19 28 30
19 83 58
19 31 64
19 75 76
19 26 11
19 38 94
19 71 86
19 74 43
19 47 37
19 22 25
19 59 48
19 52 61
19 43 43
19 80 35
19 23 37
19 88 58
19 34 54
19 20 19
19 93 27
19 56 26
19 32 43
19 24 35
19 40 13
19 29 83
19 48 88
19 84 17
19 58 83
19 77 32
19 86 88
19 33 6
19 81 66
19 57 66
19 39 74
20 78 83
20 25 90
20 43 21
20 45 95
20 51 74
20 28 4
20 81 32
20 50 5
20 70 22
20 79 82
20 21 83
20 32 42
20 83 67
20 34 55
20 96 24
20 71 91
20 82 43
20 49 44
20 31 12
20 48 13
20 89 41
20 80 47
20 95 35
20 91 37
20 98 95
20 72 78
20 64 51
20 86 28
20 97 5
20 47 29
20 23 100
20 36 43
20 88 73
20 52 8
20 35 100
20 39 93
20 63 4
20 69 42
20 53 9
20 74 94
20 33 84
20 60 47
20 61 24
20 62 76
20 59 11
20 84 7
20 56 33
20 92 25
20 93 46
20 54 70
20 90 79
20 58 93
20 46 74
20 42 5
20 94 80
20 37 87
20 41 6
20 55 86
20 24 53
20 76 7
20 77 8
20 26 66
20 67 92
20 38 24
20 75 28
20 68 35
20 65 62
20 87 73
20 57 100
20 30 5
20 22 86
20 99 23
20 73 25
20 85 13
20 29 27
20 44 95
20 40 94
20 27 16
20 66 56
21 90 19
21 59 69
21 75 32
21 80 49
21 55 54
21 99 38
21 26 90
21 22 86
21 36 11
21 27 13
21 41 92
21 25 60
21 86 90
21 69 21
21 63 83
21 70 57
21 97 48
21 34 69
21 74 24
21 72 98
21 47 32
21 71 58
21 81 64
21 40 6
21 76 88
21 89 92
21 56 89
21 58 77
21 28 90
21 38 10
21 62 93
21 57 27
21 87 10
21 54 31
21 45 63
21 46 73
21 79 8
21 50 24
21 60 88
21 53 48
21 83 12
21 64 39
21 30 23
21 82 1
21 65 57
21 48 57
21 94 27
21 24 98
21 66 7
21 52 94
21 61 47
21 67 45
21 35 10
21 33 35
21 43 67
21 77 55
21 98 66
21 92 100
21 96 20
21 93 44
21 44 12
21 23 99
21 32 39
21 84 69
21 49 63
21 73 47
21 91 6
21 37 14
21 95 87
21 68 16
21 42 77
21 78 72
21 85 6
21 29 56
21 51 68
21 88 55
21 39 23
21 31 10
22 32 37
22 28 92
22 62 74
22 88 85
22 69 82
22 33 52
22 71 4
22 89 26
22 72 15
22 65 45
22 74 33
22 93 15
22 50 12
22 35 54
22 27 37
22 57 82
22 38 68
22 86 55
22 37 90
22 39 60
22 30 42
22 41 99
22 59 1
22 60 30
22 45 43
22 51 37
22 43 86
22 49 49
22 97 99
22 84 85
22 23 63
22 53 50
22 63 86
22 61 41
22 99 59
22 94 28
22 31 9
22 64 23
22 87 99
22 82 35
22 25 50
22 29 49
22 92 7
22 34 2
22 44 8
22 68 87
22 47 3
22 76 23
22 85 52
22 77 30
22 24 82
22 70 49
22 91 79
22 40 32
22 55 84
22 83 11
22 90 98
22 58 86
22 75 80
22 46 24
22 42 13
22 66 23
22 54 83
22 78 57
22 36 17
22 95 6
22 80 43
22 79 43
22 73 78
22 48 61
22 56 41
22 96 36
22 67 2
22 98 49
22 81 86
22 26 81
22 52 97
23 35 47
23 29 35
23 97 11
23 32 3
23 65 11
23 50 56
23 54 4
23 28 65
23 91 17
23 38 27
23 56 98
23 40 98
23 62 71
23 43 79
23 52 97
23 92 60
23 33 13
23 26 72
23 61 44
23 48 34
23 72 53
23 69 38
23 64 88
23 46 64
23 86 20
23 77 52
23 74 40
23 49 74
23 71 82
23 95 51
23 87 91
23 88 85
23 70 6
23 55 68
23 84 29
23 58 8
23 85 57
23 47 87
23 99 68
23 41 89
23 76 65
23 93 23
23 83 87
23 36 98
23 82 3
23 81 82
23 51 83
23 39 86
23 89 71
23 44 19
23 24 15
23 27 96
23 78 13
23 31 43
23 80 22
23 57 7
23 63 84
23 96 11
23 66 55
23 79 63
23 42 27
23 30 48
23 37 6
23 73 69
23 59 52
23 68 55
23 67 37
23 75 26
23 25 6
23 34 1
23 45 23
23 94 15
23 90 96
23 98 72
23 53 7
23 60 15
24 36 61
24 67 22
24 89 58
24 51 39
24 95 80
24 35 70
24 52 71
24 58 8
24 76 19
24 74 56
24 46 48
24 84 35
24 34 9
24 93 28
24 47 46
24 54 45
24 38 55
24 86 91
24 72 99
24 26 74
24 68 54
24 29 3
24 48 74
24 78 24
24 97 7
24 65 95
24 31 58
24 33 77
24 30 53
24 99 45
24 75 74
24 98 92
24 59 81
24 62 47
24 41 44
24 25 40
24 43 89
24 88 38
24 94 91
24 81 61
24 27 15
24 70 40
24 57 73
24 77 91
24 61 77
24 79 52
24 60 47
24 96 78
24 37 7
24 80 23
24 82 54
24 64 79
24 85 27
24 91 8
24 87 72
24 92 20
24 39 90
24 73 38
24 45 93
24 32 52
24 83 52
24 63 16
24 71 83
24 56 15
24 66 8
24 69 57
24 44 98
24 28 84
24 50 13
24 42 91
24 40 99
24 49 91
24 90 93
24 53 90
24 55 100
25 80 57
25 31 19
25 90 23
25 89 26
25 44 100
25 87 3
25 38 46
25 54 81
25 99 21
25 74 15
25 68 55
25 61 81
25 46 2
25 93 55
25 66 52
25 77 84
25 39 13
25 57 91
25 86 92
25 79 59
25 42 64
25 64 44
25 32 97
25 67 65
25 83 12
25 70 73
25 69 60
25 85 76
25 35 97
25 95 59
25 76 35
25 56 77
25 58 62
25 55 25
25 98 40
25 78 84
25 27 57
25 33 9
25 75 6
25 92 6
25 65 50
25 37 91
25 49 91
25 41 4
25 73 29
25 51 7
25 26 70
25 59 29
25 63 4
25 97 68
25 71 67
25 36 76
25 84 100
25 96 28
25 45 93
25 94 71
25 62 27
25 60 47
25 82 5
25 52 79
25 43 51
25 34 63
25 72 62
25 29 38
25 48 28
25 50 82
25 40 23
25 91 65
25 28 66
25 30 38
25 88 80
25 81 91
25 53 74
25 47 49
26 29 65
26 32 85
26 89 33
26 80 78
26 98 66
26 55 11
26 60 98
26 47 99
26 81 64
26 92 50
26 69 15
26 46 20
26 91 21
26 86 64
26 43 14
26 59 10
26 41 3
26 97 29
26 63 54
26 44 34
26 66 56
26 48 24
26 34 67
26 31 46
26 75 9
26 49 80
26 85 47
26 95 21
26 39 34
26 73 85
26 38 25
26 70 67
26 76 43
26 36 38
26 77 8
26 52 70
26 72 23
26 65 93
26 82 68
26 84 30
26 94 55
26 54 88
26 61 91
26 99 46
26 53 51
26 87 38
26 74 77
26 93 25
26 42 47
26 35 75
26 67 12
26 27 8
26 51 35
26 40 65
26 68 26
26 28 82
26 50 14
26 57 57
26 64 23
26 83 79
26 71 65
26 58 55
26 30 72
26 90 81
26 45 68
26 33 38
26 56 43
26 78 86
26 88 20
26 96 64
26 79 100
26 62 91
26 37 36
27 79 28
27 29 27
27 64 17
27 89 13
27 59 65
27 84 82
27 69 65
27 82 98
27 67 27
27 56 46
27 91 61
27 70 4
27 92 6
27 55 90
27 40 4
27 46 69
27 88 85
27 49 10
27 39 24
27 98 17
27 54 69
27 45 12
27 68 90
27 85 91
27 94 84
27 37 11
27 52 65
27 62 80
27 76 74
27 74 37
27 96 90
27 53 60
27 57 3
27 99 55
27 36 58
27 73 5
27 38 5
27 32 64
27 58 48
27 47 84
27 78 79
27 63 31
27 81 9
27 86 3
27 43 42
27 77 61
27 44 41
27 90 32
27 83 57
27 60 59
27 97 37
27 80 87
27 48 58
27 61 100
27 71 59
27 93 44
27 28 52
27 66 59
27 72 40
27 31 89
27 35 23
27 75 45
27 34 99
27 30 83
27 87 76
27 42 42
27 65 74
27 51 49
27 41 13
27 33 55
27 95 100
27 50 74
28 67 78
28 45 8
28 47 100
28 78 92
28 48 19
28 79 2
28 94 82
28 91 27
28 95 39
28 87 10
28 85 95
28 70 54
28 76 33
28 90 75
28 42 69
28 75 28
28 34 24
28 84 75
28 80 65
28 66 44
28 32 23
28 46 70
28 81 60
28 53 15
28 40 69
28 69 82
28 57 1
28 74 19
28 55 36
28 64 97
28 86 8
28 51 88
28 35 81
28 49 35
28 83 55
28 30 14
28 96 24
28 54 41
28 72 62
28 97 62
28 44 14
28 58 25
28 56 94
28 38 5
28 65 40
28 99 58
28 89 16
28 73 73
28 29 42
28 31 71
28 98 43
28 52 46
28 36 73
28 82 36
28 60 64
28 68 88
28 37 73
28 39 26
28 93 49
28 62 5
28 61 27
28 33 67
28 59 13
28 50 8
28 71 76
28 41 84
28 92 82
28 63 11
28 88 3
28 77 19
28 43 15
29 83 18
29 99 61
29 67 21
29 72 65
29 31 3
29 32 47
29 84 61
29 54 94
29 98 41
29 65 72
29 96 95
29 48 94
29 92 92
29 42 41
29 53 36
29 80 77
29 75 34
29 94 38
29 66 87
29 81 21
29 52 88
29 63 63
29 77 32
29 56 23
29 93 20
29 57 66
29 39 70
29 60 57
29 91 99
29 97 24
29 30 56
29 55 2
29 89 51
29 38 65
29 85 100
29 47 62
29 51 50
29 73 66
29 43 43
29 33 100
29 34 84
29 44 65
29 82 75
29 64 24
29 58 50
29 69 62
29 37 19
29 78 64
29 71 34
29 76 35
29 36 24
29 50 42
29 70 70
29 59 45
29 41 85
29 88 100
29 86 88
29 74 26
29 79 6
29 35 97
29 61 81
29 90 19
29 45 91
29 49 34
29 62 31
29 40 22
29 87 14
29 95 28
29 46 29
29 68 73
30 68 54
30 42 56
30 55 51
30 66 2
30 71 12
30 77 6
30 40 77
30 48 85
30 87 64
30 37 91
30 70 87
30 83 25
30 81 28
30 94 24
30 56 97
30 33 74
30 98 63
30 82 90
30 96 46
30 59 75
30 41 98
30 76 6
30 54 79
30 72 65
30 58 68
30 62 44
30 38 19
30 34 53
30 85 42
30 78 17
30 45 25
30 99 34
30 57 73
30 50 11
30 88 64
30 89 18
30 46 52
30 74 55
30 52 94
30 49 45
30 47 79
30 39 7
30 32 92
30 86 90
30 53 20
30 51 12
30 61 64
30 43 76
30 67 28
30 31 97
30 69 18
30 60 39
30 80 95
30 75 9
30 97 5
30 79 62
30 90 46
30 44 85
30 92 19
30 95 28
30 65 80
30 84 43
30 35 43
30 36 35
30 64 64
30 73 26
30 63 56
30 91 56
30 93 95
31 88 73
31 39 35
31 78 33
31 59 43
31 99 70
31 66 18
31 55 85
31 45 2
31 44 32
31 98 9
31 92 18
31 93 94
31 69 86
31 85 86
31 56 97
31 33 77
31 71 81
31 47 69
31 35 70
31 34 7
31 36 16
31 65 32
31 96 95
31 70 26
31 40 70
31 50 52
31 46 54
31 81 100
31 97 83
31 53 12
31 73 99
31 90 66
31 41 60
31 54 5
31 57 88
31 49 22
31 61 57
31 67 56
31 43 99
31 82 81
31 68 68
31 72 81
31 62 13
31 64 17
31 80 81
31 51 89
31 37 20
31 86 83
31 74 54
31 32 88
31 84 99
31 42 13
31 77 62
31 79 92
31 95 11
31 76 19
31 89 23
31 63 39
31 75 82
31 94 95
31 58 16
31 60 34
31 48 31
31 87 22
31 91 57
31 83 47
31 52 49
31 38 72
32 95 33
32 45 14
32 67 16
32 63 40
32 47 54
32 97 17
32 76 61
32 49 50
32 78 89
32 88 60
32 37 6
32 36 87
32 73 34
32 92 74
32 83 73
32 54 57
32 61 77
32 38 51
32 70 100
32 48 36
32 94 57
32 59 44
32 66 89
32 85 67
32 33 37
32 68 5
32 69 89
32 75 67
32 79 40
32 82 56
32 89 96
32 96 63
32 62 75
32 34 74
32 72 5
32 81 98
32 53 81
32 51 23
32 56 54
32 77 84
32 41 46
32 44 84
32 93 61
32 55 56
32 86 52
32 64 4
32 74 8
32 57 62
32 50 19
32 99 64
32 65 43
32 39 17
32 91 31
32 87 8
32 71 10
32 42 13
32 98 68
32 90 21
32 35 19
32 43 97
32 84 39
32 60 95
32 80 6
32 46 40
32 58 4
32 40 92
32 52 53
33 37 22
33 81 43
33 42 25
33 45 48
33 58 18
33 50 50
33 34 78
33 80 12
33 65 46
33 51 32
33 75 69
33 88 1
33 38 18
33 68 34
33 63 82
33 85 8
33 56 91
33 61 1
33 84 99
33 57 96
33 71 4
33 72 57
33 79 85
33 78 90
33 70 11
33 48 18
33 35 18
33 43 1
33 76 25
33 47 23
33 44 61
33 87 72
33 60 100
33 93 94
33 96 76
33 64 79
33 90 53
33 69 43
33 83 35
33 62 39
33 94 53
33 53 18
33 46 93
33 36 36
33 55 43
33 67 93
33 95 55
33 89 67
33 97 7
33 73 43
33 77 48
33 66 78
33 92 39
33 99 1
33 74 14
33 40 55
33 98 50
33 41 2
33 54 31
33 52 15
33 49 37
33 59 18
33 39 90
33 91 11
33 82 75
33 86 5
34 78 48
34 55 35
34 98 32
34 93 30
34 66 45
34 47 3
34 97 43
34 87 12
34 94 62
34 40 3
34 59 10
34 45 98
34 39 36
34 43 53
34 69 89
34 75 59
34 64 75
34 85 58
34 60 55
34 54 4
34 92 53
34 49 59
34 46 72
34 89 89
34 99 44
34 36 46
34 35 2
34 80 48
34 53 58
34 61 43
34 65 62
34 70 99
34 50 70
34 95 4
34 63 20
34 88 22
34 56 15
34 42 68
34 77 13
34 48 67
34 81 4
34 91 90
34 72 16
34 68 84
34 67 33
34 74 100
34 86 11
34 83 11
34 96 64
34 57 53
34 38 42
34 51 94
34 52 94
34 44 16
34 62 18
34 73 55
34 79 84
34 76 54
34 37 58
34 84 66
34 82 87
34 58 51
34 90 26
34 41 31
34 71 24
35 54 20
35 57 47
35 79 10
35 80 53
35 62 4
35 55 96
35 84 25
35 69 88
35 83 1
35 36 89
35 58 14
35 92 95
35 42 90
35 43 45
35 39 43
35 63 17
35 48 51
35 86 46
35 41 26
35 40 40
35 44 42
35 68 76
35 87 40
35 73 72
35 89 54
35 85 1
35 91 1
35 71 2
35 53 8
35 90 7
35 93 95
35 99 75
35 61 41
35 97 62
35 46 29
35 52 6
35 65 20
35 72 79
35 45 11
35 66 31
35 70 45
35 50 72
35 81 26
35 49 91
35 38 21
35 88 65
35 51 5
35 59 47
35 56 89
35 67 10
35 75 24
35 94 39
35 82 58
35 47 45
35 37 45
35 64 54
35 74 15
35 98 64
35 77 55
35 76 52
35 78 2
35 95 69
35 96 42
35 60 54
36 37 32
36 85 83
36 96 85
36 51 41
36 97 25
36 82 57
36 55 79
36 38 66
36 88 67
36 44 35
36 71 34
36 50 21
36 46 64
36 49 57
36 40 77
36 81 53
36 48 16
36 79 52
36 52 12
36 47 69
36 92 30
36 76 95
36 42 66
36 59 96
36 87 4
36 70 13
36 75 20
36 94 94
36 84 95
36 95 26
36 90 37
36 54 47
36 74 94
36 58 93
36 69 61
36 64 2
36 56 91
36 62 3
36 66 57
36 60 44
36 77 59
36 99 57
36 63 22
36 57 35
36 45 19
36 83 32
36 80 78
36 68 49
36 78 58
36 72 92
36 43 7
36 39 75
36 89 83
36 91 57
36 73 40
36 98 67
36 61 83
36 86 1
36 93 9
36 53 5
36 67 39
36 65 77
36 41 80
37 59 51
37 40 21
37 68 1
37 99 27
37 75 50
37 74 26
37 49 91
37 82 45
37 97 41
37 80 26
37 61 60
37 72 35
37 81 80
37 57 98
37 91 52
37 77 35
37 52 26
37 87 26
37 56 27
37 83 84
37 88 18
37 86 57
37 58 67
37 93 58
37 96 57
37 47 14
37 43 6
37 98 10
37 60 18
37 63 25
37 69 9
37 41 94
37 46 33
37 39 23
37 64 11
37 84 61
37 70 52
37 79 39
37 73 63
37 71 24
37 50 10
37 62 65
37 89 62
37 53 43
37 48 63
37 76 61
37 85 79
37 45 63
37 95 62
37 90 75
37 65 77
37 78 80
37 67 73
37 66 50
37 92 25
37 51 26
37 44 81
37 42 62
37 54 68
37 94 49
37 38 19
37 55 10
38 49 1
38 84 48
38 57 59
38 73 60
38 55 1
38 89 79
38 76 27
38 42 99
38 98 9
38 46 54
38 97 7
38 60 15
38 74 5
38 40 34
38 59 52
38 44 34
38 45 17
38 79 3
38 96 54
38 69 57
38 86 47
38 81 94
38 77 75
38 80 84
38 48 62
38 66 60
38 85 37
38 43 18
38 39 12
38 99 5
38 91 40
38 71 100
38 65 20
38 95 78
38 41 12
38 62 66
38 72 76
38 90 16
38 70 76
38 58 30
38 51 27
38 88 50
38 68 95
38 52 65
38 75 61
38 63 25
38 64 95
38 82 80
38 78 7
38 92 56
38 56 1
38 87 68
38 53 54
38 61 50
38 94 52
38 83 91
38 93 54
38 50 38
38 54 55
38 47 79
38 67 20
39 68 41
39 47 79
39 99 68
39 73 73
39 57 50
39 71 28
39 84 51
39 46 86
39 77 4
39 86 47
39 60 6
39 98 73
39 89 96
39 76 15
39 50 60
39 41 7
39 96 16
39 56 7
39 58 1
39 66 5
39 80 30
39 74 100
39 51 76
39 75 62
39 91 15
39 92 16
39 87 80
39 85 43
39 49 57
39 69 89
39 72 86
39 94 35
39 65 8
39 90 30
39 53 32
39 45 94
39 64 38
39 40 61
39 55 87
39 59 62
39 48 99
39 70 78
39 95 18
39 88 99
39 44 79
39 43 12
39 63 31
39 93 25
39 78 73
39 61 23
39 83 80
39 97 5
39 82 26
39 62 48
39 67 53
39 81 24
39 79 57
39 42 47
39 54 90
39 52 20
40 72 41
40 50 27
40 68 28
40 57 27
40 46 75
40 84 16
40 51 82
40 67 70
40 90 39
40 60 32
40 77 26
40 43 31
40 48 14
40 59 26
40 99 2
40 79 91
40 61 52
40 86 34
40 82 68
40 58 4
40 85 29
40 94 44
40 52 67
40 64 53
40 55 36
40 73 69
40 47 5
40 45 59
40 98 33
40 88 25
40 87 48
40 80 91
40 62 3
40 74 64
40 71 16
40 81 20
40 42 19
40 75 28
40 56 5
40 65 5
40 78 82
40 66 87
40 63 55
40 89 91
40 69 6
40 49 38
40 44 60
40 41 55
40 53 91
40 93 79
40 76 33
40 70 37
40 92 35
40 95 30
40 97 51
40 96 89
40 83 31
40 91 51
40 54 62
41 93 35
41 54 34
41 94 70
41 70 51
41 91 34
41 56 14
41 53 10
41 60 56
41 85 51
41 72 62
41 97 95
41 83 33
41 42 1
41 89 19
41 92 29
41 88 34
41 87 12
41 96 64
41 45 44
41 84 40
41 74 34
41 86 68
41 76 35
41 51 40
41 68 90
41 82 70
41 57 46
41 77 37
41 63 67
41 78 87
41 69 78
41 99 59
41 75 26
41 98 49
41 66 37
41 52 46
41 47 18
41 58 15
41 67 88
41 49 40
41 81 8
41 64 50
41 61 13
41 43 86
41 90 31
41 79 94
41 50 55
41 59 78
41 65 33
41 71 69
41 48 23
41 46 8
41 55 92
41 62 75
41 44 49
41 80 88
41 95 97
41 73 30
42 77 4
42 68 26
42 56 84
42 96 86
42 53 39
42 65 84
42 47 72
42 87 28
42 66 47
42 99 78
42 92 60
42 69 55
42 55 53
42 94 63
42 75 22
42 84 32
42 60 77
42 79 66
42 88 22
42 70 44
42 72 12
42 44 74
42 57 96
42 45 26
42 95 5
42 78 56
42 98 13
42 46 32
42 86 79
42 97 52
42 58 40
42 93 65
42 71 81
42 61 51
42 59 89
42 63 19
42 52 33
42 50 76
42 85 27
42 64 21
42 73 24
42 43 23
42 67 18
42 89 91
42 81 27
42 62 17
42 49 6
42 83 56
42 54 38
42 51 37
42 76 9
42 91 51
42 74 33
42 80 62
42 82 6
42 90 92
42 48 93
43 66 98
43 96 97
43 97 1
43 78 8
43 45 1
43 52 83
43 88 65
43 89 71
43 51 14
43 65 46
43 48 23
43 55 88
43 80 37
43 69 88
43 49 65
43 98 92
43 74 91
43 68 76
43 60 23
43 82 44
43 70 13
43 84 23
43 62 18
43 46 76
43 99 18
43 75 24
43 90 26
43 57 45
43 87 6
43 73 20
43 83 60
43 91 81
43 77 76
43 58 48
43 53 23
43 59 42
43 56 51
43 72 45
43 92 84
43 71 83
43 50 87
43 54 60
43 86 57
43 85 31
43 64 87
43 63 48
43 67 48
43 47 20
43 93 90
43 81 76
43 44 98
43 94 32
43 61 69
43 79 14
43 76 23
43 95 19
44 75 100
44 49 89
44 65 71
44 57 3
44 46 82
44 99 60
44 86 21
44 98 44
44 63 56
44 60 94
44 80 15
44 94 30
44 56 34
44 69 38
44 76 1
44 79 70
44 58 95
44 50 9
44 72 75
44 92 50
44 64 18
44 96 93
44 73 89
44 70 34
44 66 7
44 48 91
44 83 27
44 53 74
44 54 46
44 68 63
44 85 9
44 91 54
44 77 4
44 45 2
44 87 3
44 81 14
44 97 68
44 52 9
44 67 26
44 62 61
44 78 38
44 93 23
44 88 90
44 89 97
44 90 66
44 61 65
44 55 36
44 82 77
44 59 72
44 71 75
44 84 15
44 74 73
44 47 28
44 95 51
44 51 12
45 99 22
45 65 45
45 58 81
45 75 79
45 49 97
45 48 2
45 84 93
45 94 77
45 53 5
45 62 11
45 87 40
45 51 54
45 78 7
45 92 25
45 97 42
45 56 16
45 63 87
45 73 12
45 64 73
45 59 90
45 61 94
45 72 46
45 52 78
45 82 27
45 91 35
45 85 78
45 71 94
45 86 93
45 93 70
45 88 3
45 60 98
45 74 6
45 69 57
45 46 95
45 55 65
45 80 4
45 68 53
45 95 1
45 54 73
45 83 72
45 70 33
45 67 23
45 47 87
45 66 10
45 77 2
45 50 44
45 96 59
45 98 23
45 57 85
45 81 85
45 79 71
45 89 16
45 76 22
45 90 86
46 50 58
46 86 94
46 51 86
46 56 79
46 84 64
46 77 17
46 59 84
46 73 82
46 71 34
46 47 16
46 91 12
46 93 50
46 82 72
46 53 81
46 97 47
46 88 99
46 65 68
46 54 6
46 69 18
46 81 8
46 48 1
46 55 17
46 96 43
46 74 39
46 92 80
46 72 58
46 61 19
46 63 49
46 89 19
46 79 40
46 49 48
46 64 33
46 57 30
46 68 87
46 58 69
46 95 15
46 67 12
46 90 36
46 62 9
46 60 74
46 87 18
46 75 38
46 70 4
46 94 69
46 80 8
46 98 78
46 66 34
46 99 88
46 76 74
46 83 90
46 85 55
46 52 26
46 78 44
47 71 26
47 65 11
47 96 51
47 95 21
47 81 17
47 64 94
47 92 41
47 62 74
47 69 12
47 66 95
47 93 94
47 89 61
47 57 23
47 90 63
47 72 28
47 53 7
47 87 70
47 85 88
47 61 91
47 84 11
47 54 8
47 97 20
47 91 90
47 70 82
47 82 54
47 52 80
47 75 100
47 58 68
47 68 11
47 67 57
47 59 10
47 49 50
47 55 54
47 74 82
47 48 59
47 63 6
47 99 49
47 77 45
47 78 33
47 76 45
47 51 42
47 94 98
47 60 68
47 88 38
47 86 33
47 73 33
47 56 34
47 50 56
47 79 71
47 98 65
47 80 42
47 83 30
48 54 92
48 53 15
48 50 65
48 58 72
48 60 31
48 95 52
48 65 27
48 92 35
48 86 88
48 81 61
48 83 72
48 77 59
48 63 67
48 93 79
48 57 68
48 62 83
48 73 19
48 82 27
48 87 91
48 71 79
48 85 38
48 55 79
48 51 97
48 72 50
48 98 31
48 75 45
48 74 3
48 59 65
48 56 99
48 88 21
48 84 34
48 99 37
48 76 36
48 52 76
48 89 96
48 94 4
48 78 24
48 96 21
48 91 7
48 68 57
48 90 14
48 69 19
48 64 78
48 79 52
48 70 80
48 66 3
48 97 39
48 67 66
48 61 66
48 49 78
48 80 20
49 74 43
49 94 15
49 66 34
49 61 99
49 90 85
49 54 37
49 72 12
49 65 23
49 55 73
49 64 96
49 51 80
49 79 11
49 52 1
49 83 17
49 67 12
49 63 60
49 76 37
49 59 41
49 53 14
49 78 97
49 92 49
49 87 61
49 84 25
49 69 91
49 60 69
49 81 81
49 85 14
49 50 90
49 56 67
49 75 20
49 62 14
49 82 69
49 57 57
49 86 70
49 98 1
49 77 71
49 71 70
49 89 52
49 68 100
49 99 76
49 97 37
49 70 20
49 80 2
49 88 5
49 91 86
49 96 65
49 73 40
49 93 100
49 95 58
49 58 52
50 73 96
50 64 44
50 71 87
50 55 26
50 88 79
50 79 67
50 67 40
50 57 67
50 98 33
50 96 55
50 54 1
50 63 83
50 99 53
50 94 92
50 70 51
50 65 67
50 74 92
50 93 48
50 83 93
50 61 26
50 81 24
50 66 95
50 68 87
50 92 18
50 51 56
50 58 36
50 78 43
50 85 58
50 56 6
50 69 67
50 86 5
50 72 86
50 84 81
50 62 80
50 89 50
50 97 89
50 87 36
50 82 50
50 95 35
50 60 10
50 76 26
50 59 42
50 90 44
50 91 42
50 75 71
50 52 48
50 77 20
50 80 30
50 53 39
51 92 14
51 52 14
51 79 58
51 61 51
51 78 53
51 56 88
51 98 79
51 75 99
51 76 81
51 72 31
51 53 97
51 67 20
51 59 36
51 86 43
51 88 92
51 71 90
51 93 39
51 54 62
51 68 99
51 81 38
51 80 84
51 97 87
51 89 55
51 95 13
51 91 35
51 65 35
51 60 69
51 83 11
51 63 17
51 62 81
51 82 32
51 87 82
51 85 61
51 57 58
51 90 28
51 74 92
51 58 6
51 96 13
51 94 37
51 99 76
51 55 35
51 66 83
51 64 16
51 73 90
51 84 24
51 70 4
51 69 93
51 77 66
52 67 51
52 98 72
52 58 33
52 70 37
52 59 74
52 84 45
52 74 61
52 61 51
52 80 14
52 79 33
52 82 24
52 62 90
52 94 23
52 92 25
52 93 22
52 97 14
52 99 17
52 68 70
52 95 44
52 75 77
52 73 21
52 78 69
52 54 20
52 83 99
52 55 2
52 69 97
52 90 49
52 86 96
52 65 79
52 66 38
52 71 46
52 63 32
52 87 79
52 96 74
52 72 89
52 53 72
52 64 50
52 85 53
52 89 13
52 81 80
52 91 1
52 76 93
52 57 29
52 77 57
52 60 10
52 56 58
52 88 28
53 71 26
53 97 54
53 72 18
53 92 95
53 90 31
53 69 59
53 89 1
53 58 58
53 86 81
53 57 14
53 65 95
53 85 62
53 63 95
53 88 42
53 87 77
53 70 14
53 64 72
53 79 96
53 84 49
53 54 72
53 91 41
53 96 24
53 76 78
53 93 100
53 75 83
53 98 72
53 59 63
53 68 76
53 81 30
53 80 70
53 77 65
53 95 73
53 56 3
53 61 56
53 62 1
53 55 51
53 99 51
53 67 60
53 73 45
53 82 85
53 74 15
53 60 54
53 83 63
53 66 52
53 78 29
53 94 40
54 61 59
54 94 70
54 72 25
54 87 25
54 56 77
54 81 43
54 65 49
54 82 12
54 93 64
54 57 3
54 60 29
54 77 9
54 67 3
54 63 77
54 71 50
54 85 7
54 80 26
54 69 57
54 74 90
54 95 14
54 78 9
54 76 75
54 55 15
54 92 25
54 70 33
54 84 14
54 88 23
54 64 25
54 58 38
54 73 77
54 75 36
54 86 89
54 62 57
54 91 96
54 89 41
54 90 5
54 98 66
54 59 73
54 96 30
54 99 57
54 66 70
54 68 67
54 83 96
54 97 85
54 79 63
55 83 53
55 92 38
55 89 86
55 84 23
55 76 38
55 93 16
55 62 50
55 95 46
55 63 73
55 75 6
55 58 83
55 69 91
55 66 27
55 98 94
55 86 49
55 99 71
55 96 13
55 82 28
55 65 91
55 78 37
55 60 13
55 72 63
55 80 96
55 67 78
55 85 51
55 91 50
55 94 65
55 64 51
55 88 64
55 81 16
55 59 36
55 74 51
55 79 16
55 56 35
55 73 29
55 77 39
55 90 86
55 97 48
55 61 22
55 71 53
55 57 18
55 68 6
55 87 83
55 70 20
56 89 27
56 91 61
56 94 6
56 88 25
56 60 48
56 65 65
56 71 98
56 59 24
56 66 45
56 82 3
56 64 55
56 67 40
56 62 40
56 83 86
56 74 31
56 72 49
56 75 2
56 70 79
56 98 3
56 63 65
56 96 82
56 92 89
56 86 100
56 79 76
56 85 37
56 78 80
56 90 45
56 95 20
56 81 47
56 76 90
56 87 43
56 80 27
56 69 12
56 57 95
56 77 82
56 84 30
56 58 57
56 68 97
56 93 50
56 97 72
56 73 12
56 61 40
56 99 35
57 95 75
57 88 83
57 86 50
57 81 72
57 77 13
57 97 78
57 87 97
57 71 12
57 69 39
57 93 100
57 85 6
57 84 37
57 73 23
57 68 84
57 62 98
57 82 9
57 60 9
57 92 17
57 72 4
57 76 70
57 94 57
57 96 73
57 65 75
57 79 46
57 63 65
57 89 72
57 61 9
57 80 23
57 99 63
57 91 59
57 64 70
57 70 8
57 98 56
57 74 95
57 78 39
57 59 3
57 83 36
57 67 47
57 66 97
57 58 19
57 75 64
57 90 9
58 97 15
58 93 62
58 72 78
58 85 57
58 70 6
58 64 87
58 99 53
58 79 73
58 84 27
58 69 37
58 61 85
58 82 88
58 68 61
58 98 80
58 94 40
58 87 71
58 91 11
58 63 96
58 73 64
58 66 64
58 78 47
58 60 84
58 86 68
58 80 76
58 95 37
58 67 19
58 90 49
58 77 59
58 65 44
58 75 86
58 74 31
58 71 96
58 92 1
58 96 19
58 81 97
58 76 42
58 88 55
58 83 49
58 59 42
58 89 74
58 62 51
59 82 17
59 84 37
59 95 54
59 79 57
59 86 25
59 85 69
59 93 79
59 94 56
59 91 92
59 62 54
59 72 66
59 80 68
59 63 51
59 73 84
59 92 89
59 76 29
59 83 50
59 81 51
59 66 62
59 89 48
59 75 34
59 87 8
59 99 86
59 67 36
59 78 55
59 64 84
59 77 62
59 68 95
59 88 43
59 74 59
59 61 28
59 69 1
59 97 86
59 65 42
59 90 74
59 71 55
59 96 7
59 60 71
59 98 42
59 70 4
60 77 42
60 75 89
60 78 97
60 92 30
60 98 19
60 64 6
60 72 52
60 69 86
60 67 76
60 95 54
60 73 61
60 81 42
60 63 43
60 66 95
60 83 31
60 97 26
60 71 75
60 88 61
60 82 9
60 80 23
60 70 14
60 85 40
60 61 81
60 86 83
60 89 35
60 79 44
60 90 49
60 93 13
60 74 23
60 62 33
60 87 100
60 96 5
60 65 9
60 94 88
60 84 93
60 91 70
60 68 54
60 76 86
60 99 41
61 79 59
61 77 81
61 93 93
61 89 79
61 87 79
61 78 40
61 70 100
61 95 59
61 82 22
61 92 5
61 81 54
61 66 81
61 71 80
61 65 52
61 97 3
61 63 92
61 74 10
61 84 40
61 90 20
61 64 8
61 80 22
61 72 85
61 85 31
61 88 99
61 91 6
61 68 46
61 99 36
61 98 7
61 76 72
61 73 100
61 96 32
61 69 58
61 75 8
61 83 56
61 86 45
61 67 94
61 62 87
61 94 59
62 67 90
62 90 7
62 82 44
62 68 30
62 91 2
62 92 66
62 86 38
62 72 14
62 88 15
62 81 31
62 93 53
62 94 18
62 87 100
62 83 76
62 65 15
62 70 44
62 77 70
62 95 68
62 66 18
62 74 93
62 76 46
62 73 16
62 75 70
62 79 15
62 97 69
62 99 18
62 78 63
62 64 93
62 96 80
62 63 9
62 84 88
62 71 23
62 98 70
62 89 54
62 85 95
62 80 59
62 69 80
63 70 51
63 68 24
63 98 73
63 88 45
63 75 44
63 93 77
63 82 50
63 69 71
63 71 29
63 99 38
63 91 70
63 83 74
63 79 53
63 65 79
63 84 59
63 89 10
63 92 91
63 97 64
63 72 15
63 64 25
63 85 47
63 94 42
63 96 80
63 77 53
63 95 75
63 86 55
63 76 21
63 87 9
63 81 5
63 74 42
63 80 30
63 73 25
63 66 83
63 67 82
63 90 28
63 78 97
64 97 9
64 79 37
64 68 41
64 86 28
64 65 86
64 96 82
64 80 84
64 81 43
64 84 66
64 69 15
64 99 50
64 85 10
64 89 28
64 75 58
64 78 50
64 91 46
64 67 68
64 73 97
64 66 90
64 74 26
64 83 93
64 70 70
64 76 64
64 90 76
64 92 26
64 98 3
64 93 57
64 88 67
64 82 27
64 95 79
64 94 28
64 71 10
64 87 50
64 77 99
64 72 12
65 98 88
65 92 32
65 70 9
65 79 42
65 68 27
65 69 99
65 84 77
65 88 33
65 71 50
65 97 16
65 94 30
65 72 75
65 66 35
65 80 95
65 91 65
65 74 1
65 73 97
65 99 8
65 86 5
65 93 90
65 83 96
65 78 65
65 75 16
65 95 2
65 67 42
65 82 46
65 81 87
65 85 45
65 90 21
65 89 74
65 96 1
65 77 89
65 76 6
65 87 48
66 70 1
66 76 49
66 84 55
66 96 28
66 72 86
66 98 78
66 79 66
66 94 1
66 71 24
66 77 31
66 95 41
66 86 22
66 99 68
66 82 47
66 74 55
66 90 87
66 91 73
66 97 56
66 83 60
66 92 1
66 68 14
66 67 44
66 93 75
66 87 42
66 81 22
66 78 61
66 75 70
66 73 41
66 85 31
66 89 2
66 69 26
66 88 13
66 80 63
67 86 75
67 71 79
67 81 71
67 90 40
67 78 47
67 93 60
67 68 42
67 82 68
67 88 15
67 69 91
67 85 19
67 92 75
67 72 80
67 99 48
67 98 92
67 89 25
67 74 74
67 80 93
67 97 23
67 70 96
67 76 18
67 79 32
67 73 11
67 77 19
67 75 10
67 95 84
67 87 61
67 91 79
67 94 35
67 83 74
67 84 20
67 96 34
68 81 27
68 75 9
68 84 22
68 83 20
68 82 96
68 87 62
68 79 63
68 86 7
68 96 22
68 69 48
68 95 84
68 90 2
68 74 85
68 93 18
68 99 85
68 70 41
68 91 87
68 72 19
68 88 27
68 94 59
68 76 17
68 89 22
68 73 80
68 98 92
68 97 63
68 92 45
68 71 18
68 80 19
68 85 70
68 77 76
68 78 2
69 89 7
69 74 52
69 82 57
69 81 47
69 77 98
69 86 89
69 70 68
69 99 46
69 73 52
69 95 97
69 93 40
69 91 49
69 76 43
69 80 62
69 98 54
69 94 85
69 79 85
69 75 41
69 71 86
69 72 49
69 87 7
69 78 71
69 85 45
69 97 57
69 90 59
69 83 30
69 96 53
69 88 56
69 92 33
69 84 96
70 86 20
70 90 99
70 75 87
70 92 73
70 77 36
70 80 18
70 88 84
70 85 43
70 89 59
70 94 68
70 71 66
70 79 63
70 83 57
70 84 87
70 95 56
70 78 6
70 73 76
70 81 42
70 72 56
70 99 68
70 91 37
70 96 54
70 82 5
70 76 43
70 93 95
70 74 81
70 87 96
70 98 63
70 97 14
71 89 23
71 82 92
71 78 17
71 77 58
71 87 47
71 81 3
71 76 7
71 84 16
71 86 99
71 91 47
71 94 12
71 74 4
71 97 55
71 73 91
71 79 77
71 95 91
71 75 81
71 99 84
71 92 11
71 83 39
71 85 55
71 80 11
71 90 79
71 72 83
71 88 59
71 96 4
71 93 94
71 98 17
72 97 48
72 75 8
72 82 28
72 94 4
72 98 62
72 79 41
72 96 42
72 89 62
72 88 21
72 74 87
72 86 49
72 81 89
72 87 70
72 83 54
72 85 92
72 73 44
72 80 2
72 76 30
72 99 45
72 77 18
72 93 85
72 92 46
72 78 80
72 84 63
72 90 53
72 95 66
72 91 60
73 74 69
73 76 66
73 98 11
73 75 86
73 99 10
73 80 32
73 84 33
73 78 42
73 81 12
73 94 86
73 82 20
73 85 86
73 96 52
73 92 56
73 90 77
73 89 34
73 77 30
73 87 48
73 97 54
73 93 55
73 83 25
73 88 90
73 91 16
73 79 55
73 95 49
73 86 42
74 76 94
74 89 72
74 90 23
74 96 14
74 86 94
74 99 54
74 84 100
74 82 76
74 79 32
74 78 5
74 88 1
74 95 55
74 80 47
74 77 12
74 83 29
74 93 11
74 81 95
74 97 8
74 92 44
74 75 8
74 87 45
74 91 56
74 98 6
74 94 50
74 85 53
75 86 44
75 87 81
75 81 6
75 99 51
75 78 57
75 91 47
75 98 42
75 97 94
75 90 48
75 94 81
75 79 51
75 88 31
75 76 18
75 80 54
75 82 69
75 84 94
75 89 32
75 92 2
75 83 51
75 85 22
75 77 75
75 95 99
75 93 61
75 96 40
76 96 55
76 78 60
76 94 26
76 87 85
76 80 64
76 99 86
76 93 81
76 82 73
76 77 88
76 83 19
76 86 76
76 95 86
76 85 74
76 90 76
76 89 11
76 81 100
76 88 26
76 84 71
76 91 24
76 92 80
76 79 10
76 97 63
76 98 49
77 93 50
77 99 87
77 78 5
77 85 84
77 95 87
77 92 11
77 83 6
77 96 39
77 79 19
77 97 50
77 94 16
77 84 65
77 98 88
77 91 7
77 90 44
77 87 71
77 82 15
77 86 90
77 89 46
77 80 52
77 81 15
77 88 50
78 82 57
78 83 21
78 88 84
78 85 63
78 99 12
78 81 24
78 96 57
78 80 21
78 79 55
78 97 56
78 86 53
78 95 34
78 94 72
78 92 79
78 89 84
78 87 8
78 91 94
78 98 6
78 93 67
78 90 35
78 84 15
79 84 83
79 96 82
79 90 60
79 91 87
79 83 62
79 99 33
79 93 41
79 86 90
79 85 4
79 88 26
79 95 97
79 89 8
79 81 33
79 82 64
79 92 70
79 97 24
79 87 95
79 98 92
79 94 32
79 80 19
80 89 72
80 81 79
80 95 2
80 91 87
80 90 62
80 85 23
80 86 80
80 82 33
80 84 66
80 83 70
80 99 19
80 97 61
80 87 13
80 98 26
80 93 77
80 96 66
80 88 81
80 92 1
80 94 38
81 93 81
81 82 58
81 97 92
81 94 27
81 99 73
81 92 84
81 88 96
81 90 97
81 96 80
81 95 68
81 85 82
81 83 3
81 86 28
81 89 16
81 91 62
81 98 44
81 87 61
81 84 12
82 84 23
82 99 70
82 89 72
82 87 33
82 97 28
82 91 44
82 95 70
82 98 81
82 92 78
82 90 39
82 94 74
82 93 34
82 88 56
82 85 86
82 86 86
82 83 82
82 96 6
83 90 70
83 91 60
83 99 6
83 93 17
83 88 28
83 92 21
83 96 50
83 98 50
83 95 11
83 86 36
83 87 78
83 97 49
83 85 73
83 84 79
83 89 4
83 94 14
84 85 93
84 90 22
84 87 96
84 99 29
84 98 63
84 86 33
84 89 70
84 97 69
84 95 30
84 93 34
84 91 14
84 88 3
84 96 2
84 92 27
84 94 37
85 89 28
85 94 30
85 98 40
85 95 52
85 87 39
85 99 86
85 90 83
85 86 100
85 88 90
85 96 89
85 91 12
85 92 90
85 97 29
85 93 84
86 94 71
86 90 70
86 96 58
86 93 92
86 99 39
86 92 68
86 95 4
86 98 61
86 89 76
86 87 32
86 91 67
86 88 17
86 97 71
87 88 10
87 98 8
87 90 70
87 91 22
87 96 52
87 94 49
87 95 29
87 93 30
87 89 68
87 97 58
87 99 90
87 92 31
88 91 36
88 94 83
88 93 98
88 97 78
88 96 59
88 90 54
88 98 79
88 89 38
88 92 55
88 99 48
88 95 50
89 90 6
89 96 33
89 94 23
89 98 86
89 91 8
89 97 49
89 95 34
89 99 73
89 93 56
89 92 100
90 94 20
90 99 91
90 96 97
90 95 54
90 97 16
90 92 57
90 98 11
90 93 66
90 91 63
91 92 83
91 97 57
91 95 79
91 98 28
91 96 86
91 93 60
91 94 21
91 99 21
92 95 2
92 93 84
92 96 18
92 94 55
92 97 98
92 98 52
92 99 67
93 96 41
93 94 89
93 99 88
93 95 7
93 98 27
93 97 80
94 99 30
94 95 53
94 96 25
94 97 75
94 98 11
95 98 2
95 96 59
95 97 1
95 99 91
96 97 50
96 98 65
96 99 85
97 98 57
97 99 59
98 99 35
