0 82 46
0 34 49
0 1 9
0 62 61
0 43 63
0 4 6
0 20 97
0 45 88
0 66 93
0 80 9
0 38 8
0 40 56
0 44 78
0 18 70
0 30 61
0 92 44
0 53 22
0 39 47
0 58 82
0 15 22
0 29 40
0 76 32
0 12 71
0 60 10
0 22 98
0 3 95
0 36 63
0 41 82
0 64 12
0 31 54
0 71 21
0 55 53
0 70 17
0 46 45
0 90 41
0 61 36
0 19 19
0 83 86
0 98 90
0 96 21
0 13 41
0 5 30
0 94 47
1 91 49
1 8 18
1 51 93
1 59 49
1 16 32
1 41 97
1 72 83
1 54 15
1 74 19
1 88 47
1 43 61
1 28 82
1 26 21
1 31 88
1 23 87
1 97 27
1 94 27
1 25 69
1 44 70
1 92 8
1 22 9
1 12 9
1 7 32
1 33 96
1 48 58
1 62 72
1 24 59
1 6 79
1 58 54
1 45 26
1 60 14
1 98 27
1 9 95
1 11 21
1 93 14
1 68 20
1 40 86
1 42 52
1 65 26
1 5 61
1 47 42
1 85 67
1 49 4
1 70 55
1 10 50
1 64 24
1 80 44
1 78 84
1 3 49
1 81 31
1 61 98
2 63 85
2 7 38
2 33 86
2 55 60
2 17 36
2 68 24
2 61 94
2 59 2
2 49 17
2 83 2
2 79 7
2 13 64
2 40 87
2 35 86
2 65 70
2 46 11
2 42 19
2 95 28
2 50 93
2 64 98
2 58 10
2 4 43
2 72 38
2 85 35
2 54 40
2 18 1
2 51 90
2 78 81
2 9 27
2 47 50
2 31 73
2 81 49
2 53 34
2 20 56
2 89 81
2 44 43
2 25 54
2 3 86
2 84 32
2 74 90
2 91 79
2 32 69
2 23 3
2 88 86
2 94 26
2 70 53
2 26 90
2 15 87
2 22 9
2 60 70
2 16 66
2 75 47
2 34 41
3 16 84
3 65 72
3 80 35
3 50 93
3 36 83
3 97 51
3 60 91
3 8 20
3 48 30
3 34 67
3 68 87
3 67 24
3 99 87
3 7 71
3 46 46
3 86 22
3 40 25
3 4 26
3 23 24
3 62 87
3 78 37
3 15 80
3 13 87
3 19 44
3 83 82
3 79 20
3 77 54
3 58 92
3 98 85
3 42 16
3 32 24
3 51 84
3 44 32
3 75 73
3 81 13
3 6 57
3 96 42
3 27 35
3 31 58
3 9 58
4 81 85
4 34 81
4 80 94
4 71 63
4 74 10
4 52 50
4 72 24
4 7 10
4 17 83
4 46 12
4 89 74
4 57 17
4 79 25
4 19 19
4 36 50
4 77 87
4 90 74
4 5 18
4 47 16
4 40 72
4 99 41
4 63 44
4 64 16
4 85 96
4 31 12
4 70 97
4 59 71
4 58 7
4 95 70
4 24 12
4 32 89
4 42 33
4 13 41
4 35 8
4 91 57
4 96 36
4 94 74
4 22 67
4 51 27
4 87 15
4 98 25
4 61 63
4 56 19
4 38 3
4 20 68
4 10 95
4 67 13
4 86 44
5 35 64
5 6 21
5 18 95
5 23 34
5 36 55
5 39 25
5 57 50
5 72 47
5 82 78
5 38 14
5 27 15
5 95 26
5 92 50
5 54 17
5 61 43
5 93 77
5 87 23
5 47 83
5 75 42
5 55 57
5 63 93
5 53 14
5 28 52
5 69 21
5 17 71
5 76 81
5 9 90
5 71 43
5 68 43
5 78 54
5 89 98
5 30 42
5 51 18
5 8 52
5 21 89
5 58 15
5 96 57
5 48 17
5 13 37
5 22 71
5 10 51
5 67 99
5 25 98
6 94 78
6 19 98
6 31 88
6 71 87
6 76 92
6 24 15
6 9 78
6 50 91
6 23 86
6 7 65
6 16 35
6 43 86
6 22 47
6 93 56
6 34 6
6 36 60
6 38 58
6 99 54
6 46 75
6 98 70
6 77 6
6 60 25
6 25 73
6 56 75
6 39 95
6 70 16
6 75 63
6 21 73
6 11 36
6 52 24
6 90 29
6 92 69
6 74 6
6 18 30
6 78 45
6 54 79
6 69 25
6 13 4
6 41 28
6 91 47
6 97 56
6 48 22
6 83 11
6 66 51
6 67 86
7 18 18
7 70 30
7 29 40
7 9 18
7 65 88
7 15 60
7 74 62
7 34 99
7 54 93
7 63 23
7 43 3
7 39 100
7 99 82
7 41 46
7 56 11
7 72 17
7 13 64
7 71 33
7 61 29
7 55 79
7 95 72
7 28 80
7 21 100
7 62 6
7 87 41
7 75 33
7 47 30
7 23 41
7 42 3
7 60 84
7 81 71
7 49 63
7 88 36
7 52 4
7 33 78
7 51 14
7 10 54
7 50 77
7 80 18
7 46 94
7 37 85
7 25 61
7 97 68
7 76 14
7 77 17
7 11 51
7 36 78
7 59 93
7 24 80
7 45 19
7 53 14
8 32 27
8 38 56
8 98 13
8 23 66
8 69 56
8 35 62
8 77 99
8 93 78
8 95 33
8 67 68
8 83 89
8 90 45
8 70 66
8 73 37
8 88 76
8 37 95
8 78 52
8 49 40
8 47 71
8 26 20
8 92 6
8 82 66
8 87 32
8 57 21
8 18 70
8 94 74
8 56 69
8 99 51
8 86 53
8 48 87
8 40 18
8 55 88
8 80 12
8 16 16
8 65 35
8 76 42
8 17 37
8 19 84
8 59 37
8 24 66
8 52 6
9 87 61
9 99 43
9 12 14
9 37 86
9 57 33
9 94 66
9 91 5
9 64 72
9 97 23
9 46 62
9 63 28
9 11 37
9 60 51
9 23 29
9 88 1
9 17 28
9 13 26
9 79 52
9 18 55
9 62 80
9 47 26
9 22 67
9 36 2
9 29 23
9 82 55
9 95 96
9 77 15
9 81 32
9 45 63
9 39 43
9 96 80
9 55 57
9 28 33
9 69 88
9 66 62
9 74 5
9 92 19
9 27 86
9 21 78
9 41 6
9 30 42
9 16 33
9 73 39
9 26 59
10 24 14
10 80 3
10 77 90
10 90 26
10 33 85
10 25 55
10 94 54
10 53 53
10 46 70
10 83 12
10 89 65
10 39 81
10 95 41
10 85 37
10 62 74
10 40 7
10 23 57
10 92 44
10 27 50
10 75 21
10 58 28
10 41 16
10 37 50
10 81 97
10 82 44
10 97 98
10 48 66
10 65 39
10 61 9
10 42 84
10 78 49
10 76 78
10 32 50
10 54 88
10 38 42
10 74 20
10 18 57
10 66 17
10 26 35
10 29 99
10 49 86
10 43 39
10 28 56
11 31 100
11 45 61
11 59 19
11 26 72
11 77 30
11 89 10
11 20 27
11 54 19
11 64 97
11 19 50
11 74 3
11 65 65
11 39 100
11 36 45
11 12 38
11 41 34
11 44 12
11 50 29
11 38 96
11 35 8
11 15 88
11 98 98
11 62 44
11 85 90
11 70 39
11 25 9
11 40 77
11 69 88
11 67 67
11 48 57
11 63 18
11 97 67
11 81 18
11 68 98
11 75 31
11 23 94
11 21 19
11 78 59
11 55 40
11 28 100
11 96 58
11 47 36
11 99 42
11 88 47
12 49 6
12 63 9
12 28 64
12 73 29
12 14 14
12 65 93
12 86 70
12 82 8
12 52 82
12 23 63
12 93 94
12 50 97
12 37 79
12 33 37
12 68 93
12 19 32
12 34 11
12 59 60
12 67 66
12 78 35
12 31 16
12 22 43
12 84 67
12 29 76
12 47 3
12 32 98
12 94 62
12 64 51
12 16 1
12 89 5
12 60 3
12 80 58
12 87 15
12 91 72
12 24 67
12 95 62
12 98 70
12 39 36
12 83 32
12 46 83
12 43 41
12 77 26
12 27 59
12 18 32
12 55 55
12 75 84
13 88 12
13 50 80
13 77 57
13 28 25
13 76 66
13 92 50
13 43 22
13 23 44
13 15 31
13 94 73
13 93 73
13 95 21
13 73 27
13 81 18
13 55 42
13 27 25
13 16 26
13 40 88
13 24 10
13 97 24
13 39 21
13 96 74
13 70 46
13 21 2
13 33 16
13 80 59
13 31 61
13 49 69
13 64 83
13 51 10
13 86 29
13 91 85
13 67 95
13 52 46
13 53 79
13 61 22
13 75 50
13 60 21
13 46 60
13 90 78
14 74 63
14 55 76
14 57 56
14 72 51
14 83 90
14 98 46
14 59 73
14 53 22
14 95 61
14 79 46
14 35 83
14 49 37
14 18 5
14 70 72
14 85 25
14 65 60
14 62 11
14 47 48
14 31 11
14 40 20
14 90 83
14 54 44
14 28 13
14 34 97
14 37 91
14 61 35
14 67 48
14 82 11
14 66 5
14 17 98
14 94 95
14 29 78
14 38 100
14 91 30
14 69 73
14 44 20
14 87 57
14 68 54
14 77 30
15 17 85
15 35 42
15 83 15
15 25 20
15 59 90
15 63 62
15 93 79
15 39 22
15 65 57
15 55 59
15 74 30
15 71 85
15 46 3
15 16 36
15 87 75
15 40 96
15 98 17
15 95 41
15 77 62
15 45 18
15 44 3
15 58 1
15 42 45
15 62 66
15 99 37
15 82 65
15 84 42
15 81 19
15 27 73
15 57 1
15 51 30
15 53 65
15 37 48
15 88 65
15 52 28
16 66 24
16 18 83
16 34 18
16 53 91
16 79 80
16 23 64
16 24 12
16 48 41
16 65 87
16 20 94
16 40 53
16 50 86
16 72 46
16 61 3
16 97 40
16 26 37
16 95 15
16 84 51
16 41 42
16 37 27
16 55 47
16 75 79
16 62 71
16 28 92
16 83 6
16 59 41
16 78 14
16 70 80
16 36 15
16 44 72
16 90 35
16 64 20
16 74 45
16 60 91
16 54 33
16 56 18
16 98 73
16 45 99
16 43 79
16 47 45
16 96 15
16 38 38
16 29 31
16 91 65
16 92 35
17 27 41
17 71 93
17 93 82
17 54 14
17 25 87
17 40 43
17 24 75
17 20 13
17 57 13
17 29 24
17 38 34
17 67 36
17 99 96
17 85 65
17 42 42
17 56 94
17 44 31
17 39 11
17 88 59
17 58 82
17 92 80
17 69 34
17 94 60
17 19 90
17 66 99
17 50 67
17 32 59
17 63 26
17 37 42
17 59 12
17 49 27
17 48 17
17 30 61
17 18 93
17 61 42
17 72 11
17 83 87
17 97 7
17 34 27
17 82 27
17 90 1
17 80 55
17 36 6
17 86 54
17 78 43
17 55 96
17 79 41
17 75 50
18 75 23
18 97 34
18 20 62
18 53 2
18 65 49
18 92 49
18 43 78
18 82 5
18 42 52
18 74 92
18 80 90
18 50 79
18 96 42
18 48 1
18 28 11
18 34 45
18 71 37
18 40 91
18 27 98
18 33 62
18 57 40
18 56 26
18 85 24
18 24 34
18 95 8
18 63 16
18 22 74
18 70 76
18 61 70
18 47 37
18 87 69
18 36 44
18 39 52
18 25 83
18 59 16
18 73 67
18 54 20
18 51 72
18 72 51
19 82 93
19 77 77
19 38 8
19 87 51
19 94 60
19 60 93
19 61 75
19 62 88
19 70 90
19 72 67
19 51 95
19 86 89
19 59 47
19 75 12
19 83 48
19 80 28
19 32 30
19 89 36
19 56 64
19 34 64
19 81 95
19 91 14
19 50 56
19 43 63
19 63 55
19 78 84
19 96 58
19 47 37
19 45 6
19 28 12
19 48 41
19 92 27
19 97 80
19 93 75
19 41 65
19 90 51
19 30 72
19 25 36
19 99 13
19 26 78
19 42 48
19 85 83
19 27 5
20 35 90
20 98 68
20 51 34
20 72 19
20 50 20
20 32 60
20 54 61
20 88 44
20 37 77
20 38 42
20 78 14
20 48 81
20 87 33
20 67 65
20 43 59
20 31 44
20 90 21
20 82 12
20 89 16
20 34 73
20 93 38
20 62 74
20 57 33
20 44 10
20 76 57
20 55 37
20 71 61
20 24 46
20 47 81
20 69 61
20 80 87
20 65 15
20 45 20
20 81 5
20 40 35
20 64 30
20 91 53
20 99 37
20 74 24
20 42 46
20 27 89
20 79 74
20 92 89
21 46 59
21 55 90
21 84 70
21 30 47
21 59 43
21 96 4
21 97 41
21 56 52
21 88 52
21 23 8
21 72 84
21 52 33
21 22 12
21 34 53
21 43 47
21 74 78
21 80 12
21 26 8
21 94 2
21 35 53
21 28 21
21 76 34
21 92 93
21 93 66
21 40 12
21 71 92
21 50 88
21 78 36
21 53 86
21 70 73
21 51 62
21 54 7
21 44 19
21 82 44
21 77 5
21 49 87
21 69 41
21 89 82
21 83 30
21 33 71
21 91 64
21 39 35
21 31 64
21 90 56
22 56 66
22 86 76
22 61 45
22 98 42
22 48 46
22 57 87
22 72 67
22 53 55
22 66 86
22 36 48
22 59 23
22 70 62
22 31 15
22 88 55
22 38 18
22 42 48
22 68 92
22 69 4
22 93 25
22 73 13
22 90 67
22 60 63
22 75 9
22 74 56
22 41 53
22 85 11
22 33 11
22 23 21
22 51 11
22 96 48
22 67 14
22 30 29
22 91 37
22 99 7
22 94 29
23 54 30
23 99 8
23 79 30
23 76 8
23 98 65
23 92 77
23 30 48
23 74 47
23 88 23
23 38 28
23 63 41
23 87 11
23 84 6
23 68 100
23 56 3
23 41 33
23 35 48
23 81 25
23 95 13
23 42 34
23 34 80
23 39 28
23 37 47
23 24 79
23 83 47
23 25 95
23 72 90
23 77 42
23 44 62
23 58 37
23 28 28
23 85 20
23 48 93
23 40 58
23 70 79
23 89 96
24 46 79
24 64 73
24 60 3
24 61 79
24 25 91
24 79 39
24 75 69
24 48 80
24 88 55
24 27 1
24 93 16
24 47 60
24 76 72
24 67 39
24 36 46
24 73 13
24 30 54
24 97 40
24 58 64
24 80 30
24 85 29
24 72 96
24 70 54
24 56 26
24 40 68
24 37 58
24 55 63
24 31 49
24 44 54
24 91 31
24 89 23
24 82 18
24 33 56
24 50 96
25 26 32
25 39 28
25 42 18
25 83 38
25 32 12
25 66 12
25 34 60
25 36 59
25 52 1
25 99 95
25 54 33
25 41 80
25 45 95
25 73 56
25 98 81
25 79 80
25 56 5
25 74 19
25 28 39
25 35 54
25 44 78
25 86 76
25 63 11
25 72 63
25 64 39
25 55 92
25 89 47
25 70 42
25 49 92
25 61 80
25 95 8
25 67 91
25 27 44
25 80 12
25 40 75
25 87 3
26 56 55
26 46 74
26 28 15
26 87 15
26 72 75
26 90 13
26 63 12
26 38 76
26 78 18
26 31 53
26 81 43
26 91 38
26 27 66
26 60 76
26 65 94
26 54 20
26 30 4
26 48 56
26 52 10
26 67 95
26 29 64
26 39 26
26 44 5
26 76 13
26 89 88
26 41 61
26 80 28
26 88 55
26 86 59
26 85 14
26 49 28
26 59 69
26 98 20
26 84 4
26 61 75
26 45 12
26 40 66
26 43 29
26 64 39
26 92 58
26 35 5
26 99 90
26 33 58
26 66 36
27 31 63
27 86 25
27 49 65
27 71 55
27 54 8
27 93 81
27 70 84
27 46 98
27 78 47
27 88 25
27 40 68
27 55 15
27 81 95
27 69 55
27 33 62
27 41 7
27 59 80
27 87 30
27 99 65
27 52 94
27 65 57
27 82 77
27 47 48
27 38 54
27 44 38
27 94 51
27 95 47
27 92 19
27 83 44
27 79 53
27 36 86
27 73 19
27 39 80
27 30 12
27 68 36
27 98 50
27 76 52
27 62 98
27 56 22
28 87 10
28 93 63
28 95 86
28 63 44
28 34 7
28 60 90
28 49 43
28 66 81
28 71 16
28 50 69
28 68 54
28 97 21
28 72 13
28 92 13
28 41 55
28 76 81
28 44 90
28 74 28
28 88 62
28 75 90
28 83 46
28 38 84
28 32 40
28 64 73
28 67 50
28 98 6
28 42 74
28 52 22
28 37 74
28 85 44
28 70 41
28 82 84
28 35 48
28 58 29
28 90 60
28 57 83
28 45 34
28 80 28
28 62 38
28 47 30
28 54 15
29 62 52
29 73 49
29 63 33
29 78 95
29 93 74
29 41 83
29 48 18
29 77 57
29 38 44
29 79 76
29 90 38
29 80 65
29 67 75
29 68 72
29 60 82
29 33 71
29 50 65
29 46 76
29 84 14
29 65 79
29 86 49
29 58 92
29 39 47
29 72 48
29 40 90
29 69 10
29 83 88
29 96 31
29 85 1
29 49 20
29 66 68
29 45 29
29 54 49
30 98 87
30 68 94
30 97 87
30 90 55
30 85 85
30 57 40
30 62 93
30 69 13
30 60 52
30 46 19
30 36 7
30 71 34
30 99 78
30 63 68
30 35 22
30 95 43
30 52 96
30 44 25
30 58 11
30 84 55
30 86 98
30 74 96
30 72 46
30 34 61
30 56 21
30 73 93
30 65 51
30 64 56
30 45 100
30 37 6
30 83 25
30 80 67
30 31 1
30 49 59
30 82 73
30 40 77
30 39 56
30 51 67
30 89 23
30 81 88
30 87 99
30 93 11
30 96 57
31 97 27
31 53 86
31 72 84
31 66 100
31 90 98
31 83 73
31 38 34
31 67 90
31 35 18
31 87 59
31 36 8
31 56 78
31 62 55
31 69 17
31 88 36
31 92 56
31 48 36
31 98 40
31 95 35
31 41 21
31 50 35
31 94 14
31 52 85
31 49 17
31 33 92
31 43 30
31 93 58
31 63 29
31 73 32
31 65 30
31 34 97
31 79 97
31 84 63
31 32 52
31 74 55
32 45 100
32 73 91
32 79 29
32 94 67
32 74 74
32 63 28
32 77 45
32 80 40
32 88 24
32 95 99
32 37 2
32 93 1
32 55 72
32 60 96
32 68 23
32 67 12
32 65 21
32 56 75
32 85 77
32 64 86
32 96 4
32 97 89
32 43 51
32 39 3
32 92 25
32 40 54
32 76 75
32 42 33
32 89 88
32 44 32
32 86 73
33 75 4
33 36 62
33 91 29
33 88 91
33 41 35
33 80 33
33 92 72
33 58 14
33 34 36
33 89 42
33 51 73
33 74 34
33 47 96
33 94 47
33 52 8
33 66 73
33 64 99
33 40 34
33 62 10
33 77 42
33 37 22
33 35 54
33 48 13
33 42 44
33 84 90
33 49 96
33 98 40
33 79 28
33 68 99
33 86 88
33 93 42
33 65 8
34 80 29
34 41 76
34 86 87
34 57 13
34 71 2
34 50 52
34 47 20
34 45 23
34 68 21
34 87 68
34 99 32
34 93 25
34 73 31
34 75 61
34 69 2
34 43 93
34 66 100
34 96 58
34 37 21
34 81 60
34 91 94
34 83 71
34 58 71
34 56 19
34 70 72
34 48 35
34 72 64
34 74 48
34 85 15
34 46 55
34 44 4
34 35 29
34 89 92
34 90 69
34 53 68
34 95 13
34 65 80
35 42 99
35 98 36
35 62 76
35 69 16
35 48 45
35 79 88
35 56 92
35 90 21
35 61 70
35 83 64
35 99 63
35 50 29
35 72 94
35 59 63
35 93 48
35 80 80
35 85 41
35 94 85
35 41 93
35 75 12
35 88 95
35 78 7
35 63 63
35 44 18
35 65 22
35 58 43
35 92 57
35 45 82
35 64 58
35 95 43
36 65 97
36 72 44
36 52 32
36 60 53
36 96 68
36 71 12
36 90 99
36 58 38
36 86 73
36 81 95
36 54 94
36 67 18
36 69 97
36 98 71
36 51 12
36 50 27
36 76 35
36 85 1
36 61 73
36 47 28
36 75 44
36 99 45
36 80 1
36 89 14
36 37 26
36 49 11
36 84 53
36 45 11
36 82 59
36 42 91
36 93 51
36 46 95
36 55 13
37 65 72
37 77 89
37 95 68
37 56 33
37 82 92
37 96 100
37 51 80
37 83 39
37 71 79
37 63 13
37 60 42
37 68 39
37 39 97
37 47 14
37 48 28
37 62 86
37 41 19
37 78 53
37 70 6
37 52 16
37 45 49
37 75 59
37 97 57
37 93 31
37 94 2
37 87 75
37 74 5
37 80 55
37 58 44
38 84 10
38 52 78
38 54 70
38 79 53
38 56 34
38 73 56
38 53 33
38 50 66
38 93 44
38 62 52
38 59 63
38 55 5
38 78 55
38 45 33
38 98 74
38 46 29
38 47 57
38 85 87
38 91 54
38 51 78
38 88 63
38 99 69
38 43 71
38 44 80
38 63 28
38 94 42
38 40 88
38 42 72
39 95 55
39 82 96
39 76 54
39 94 2
39 43 39
39 47 16
39 88 99
39 78 56
39 97 13
39 53 3
39 57 4
39 51 39
39 98 94
39 64 35
39 74 19
39 50 73
39 85 33
39 46 3
39 63 78
39 93 60
39 68 40
39 56 100
39 86 61
39 87 44
39 83 17
39 80 56
39 90 88
39 61 75
39 75 5
40 56 1
40 45 39
40 47 69
40 44 25
40 60 14
40 61 33
40 62 15
40 89 92
40 64 61
40 72 99
40 79 96
40 75 24
40 41 69
40 97 28
40 59 31
40 93 7
40 76 58
40 53 8
40 98 34
40 63 11
40 95 75
40 52 12
40 81 56
40 49 93
40 99 59
40 88 45
41 99 14
41 53 40
41 50 87
41 46 26
41 44 55
41 81 9
41 56 60
41 82 88
41 69 92
41 88 67
41 75 71
41 47 10
41 90 50
41 55 20
41 92 65
41 67 24
41 78 70
41 94 91
41 85 93
41 61 7
41 98 30
41 96 63
41 72 43
41 83 47
41 54 13
41 43 61
41 74 66
41 52 85
41 48 80
41 97 35
41 87 84
41 80 88
42 90 48
42 43 86
42 68 5
42 56 98
42 89 54
42 97 42
42 98 4
42 48 3
42 77 78
42 86 94
42 54 64
42 73 31
42 62 82
42 71 99
42 64 23
42 72 79
42 87 50
42 85 66
42 61 40
42 88 59
42 47 24
42 81 29
42 75 88
42 94 40
42 49 16
42 92 44
42 46 34
42 84 79
43 77 74
43 45 29
43 97 77
43 89 61
43 46 48
43 82 82
43 48 8
43 55 86
43 63 19
43 49 94
43 44 78
43 78 96
43 85 31
43 80 73
43 90 14
43 64 89
43 68 70
43 62 47
43 86 27
43 70 59
43 98 28
43 47 70
43 53 77
43 72 19
43 67 62
43 51 81
43 91 30
43 59 48
43 75 6
43 69 20
43 76 7
43 56 87
43 83 42
43 54 66
43 60 99
43 79 75
43 92 7
44 67 24
44 46 96
44 97 84
44 71 83
44 94 66
44 54 28
44 91 8
44 61 93
44 64 51
44 88 65
44 55 62
44 78 37
44 70 83
44 68 3
44 58 57
44 69 81
44 56 31
44 76 50
44 98 69
44 65 71
44 82 73
44 77 9
44 72 50
44 84 79
44 81 47
44 75 8
44 73 91
44 89 43
44 63 67
44 85 32
44 83 1
44 50 96
44 96 93
44 66 97
44 51 57
44 79 71
44 47 39
45 57 94
45 74 80
45 72 8
45 96 56
45 94 49
45 58 8
45 82 93
45 90 93
45 65 37
45 79 54
45 51 67
45 99 50
45 83 13
45 63 31
45 67 75
45 87 53
45 81 24
45 69 7
45 73 79
45 89 51
45 46 49
45 78 89
45 56 96
45 93 84
45 84 93
46 47 25
46 77 6
46 86 28
46 66 47
46 69 92
46 79 13
46 75 100
46 73 90
46 67 44
46 53 92
46 50 59
46 60 19
46 99 35
46 89 65
46 95 50
46 91 14
46 52 27
46 63 43
46 85 39
47 88 13
47 96 56
47 76 23
47 92 89
47 61 37
47 77 73
47 98 97
47 64 97
47 68 86
47 62 89
47 75 51
47 93 27
47 66 30
47 60 73
47 55 36
47 83 39
47 99 10
47 71 12
47 67 38
47 48 86
47 69 96
47 79 38
47 49 22
47 94 8
47 81 86
47 56 6
47 84 95
47 87 24
47 65 71
47 51 8
47 74 8
47 53 87
47 78 3
48 77 63
48 57 55
48 97 86
48 83 7
48 64 37
48 70 7
48 69 61
48 54 43
48 52 64
48 60 50
48 67 5
48 82 67
48 73 14
48 68 6
48 53 19
48 71 4
48 92 9
48 90 66
48 51 87
48 94 59
48 95 70
48 87 16
48 61 41
48 99 52
48 75 41
48 93 97
49 78 60
49 58 90
49 54 35
49 72 97
49 75 10
49 94 45
49 73 34
49 51 48
49 53 9
49 82 81
49 76 32
49 79 79
49 87 58
49 85 51
49 69 13
49 64 56
49 93 84
49 61 89
49 81 99
49 89 71
49 92 83
49 55 13
49 88 89
49 67 31
49 63 74
50 83 77
50 75 12
50 74 70
50 81 82
50 73 17
50 68 66
50 88 66
50 53 26
50 97 100
50 98 9
50 56 3
50 87 5
50 51 85
50 52 40
50 71 5
50 84 80
50 96 53
50 80 70
50 65 44
50 95 38
50 70 15
51 88 1
51 92 47
51 72 90
51 76 67
51 70 81
51 91 15
51 79 46
51 58 54
51 77 65
51 71 46
51 96 69
51 62 1
51 87 10
51 89 83
51 83 27
51 80 89
51 74 11
51 68 29
51 73 12
51 90 22
51 66 60
51 63 42
51 94 32
51 86 33
51 82 59
52 65 51
52 92 8
52 56 80
52 77 80
52 84 52
52 95 68
52 79 15
52 59 8
52 68 5
52 97 13
52 85 87
52 82 100
52 61 26
52 80 98
52 99 59
52 88 77
52 75 20
52 54 27
52 83 87
52 91 76
52 57 16
52 93 42
53 80 67
53 93 32
53 81 43
53 60 64
53 84 15
53 54 66
53 63 17
53 91 16
53 74 75
53 88 25
53 87 39
53 99 2
53 82 70
53 90 27
53 61 18
53 57 13
53 77 5
53 70 68
53 66 86
53 89 86
53 96 89
53 56 75
53 73 100
54 62 76
54 60 86
54 63 52
54 68 22
54 58 30
54 92 30
54 87 72
54 93 61
54 79 77
54 84 66
54 80 36
54 95 42
54 72 6
54 88 14
54 74 35
55 85 98
55 88 100
55 70 99
55 64 75
55 89 94
55 67 6
55 93 66
55 59 97
55 77 43
55 73 38
55 75 11
55 78 89
55 62 20
55 83 61
55 58 76
55 81 56
55 72 28
55 80 44
55 95 66
55 97 41
55 99 83
55 79 62
56 86 75
56 65 19
56 88 85
56 57 62
56 78 55
56 85 86
56 87 58
56 83 99
56 61 6
56 69 49
56 70 23
56 81 63
56 96 29
56 94 57
56 71 78
56 97 46
56 84 37
56 82 93
56 59 91
56 99 74
56 89 89
56 62 50
56 92 2
56 58 88
56 74 2
57 81 41
57 60 24
57 91 44
57 89 12
57 84 65
57 61 58
57 58 79
57 65 87
57 69 67
57 93 20
57 80 35
57 73 2
57 63 13
57 64 46
58 71 16
58 63 25
58 74 67
58 60 7
58 90 73
58 70 32
58 68 48
58 85 18
58 94 82
58 73 81
58 78 36
58 80 34
58 88 45
58 98 77
58 95 31
58 72 33
58 83 11
58 87 23
58 65 72
58 64 21
58 81 92
58 75 74
59 84 6
59 81 59
59 79 33
59 89 57
59 72 65
59 90 52
59 94 81
59 95 34
59 80 85
59 71 99
59 61 34
59 70 8
59 88 17
59 83 50
59 97 53
59 93 54
59 92 87
60 81 87
60 77 90
60 83 8
60 73 88
60 97 86
60 93 79
60 62 1
60 61 94
60 66 22
60 67 72
60 90 11
60 64 65
60 76 5
60 91 49
60 68 94
60 87 24
60 96 69
60 74 50
60 85 10
61 81 37
61 93 38
61 70 29
61 80 75
61 91 56
61 69 6
61 67 93
61 75 94
61 73 55
61 64 10
61 82 97
61 76 85
61 88 83
61 89 21
61 62 93
61 63 69
61 74 30
61 96 94
61 65 10
61 86 50
61 94 93
62 72 83
62 63 57
62 91 38
62 73 56
62 97 20
62 67 97
62 83 49
62 96 58
62 90 10
62 69 48
62 99 99
62 80 40
62 77 93
62 75 35
62 64 20
62 78 80
62 92 90
62 76 80
62 82 8
62 81 7
62 85 95
62 88 85
62 71 90
63 84 79
63 66 89
63 87 60
63 99 59
63 91 2
63 64 97
63 65 91
63 78 81
63 79 57
63 92 52
63 76 85
63 69 1
63 94 49
63 83 5
63 70 96
63 97 81
63 93 97
63 81 83
64 97 9
64 81 84
64 73 90
64 87 6
64 72 4
64 74 65
64 91 96
64 70 76
64 85 15
64 88 5
64 69 57
64 96 51
64 84 85
64 89 7
64 65 72
64 93 48
64 76 10
64 75 55
64 94 42
64 71 23
64 77 93
65 81 93
65 90 1
65 94 79
65 80 24
65 91 49
65 99 7
65 69 79
65 92 23
65 88 73
65 83 17
65 78 83
65 96 100
65 82 97
66 82 28
66 94 8
66 93 83
66 75 4
66 96 14
66 67 85
66 90 87
66 89 6
66 73 98
66 97 64
66 68 18
66 77 62
66 84 58
66 98 11
66 91 4
66 72 75
66 95 58
66 74 6
66 70 30
67 82 2
67 73 86
67 77 28
67 72 100
67 70 44
67 88 15
67 94 88
67 84 19
67 69 61
67 97 31
67 90 89
67 95 8
67 96 24
67 98 69
67 71 40
67 93 57
68 96 31
68 69 71
68 77 59
68 92 37
68 76 78
68 73 74
68 93 72
68 70 59
68 82 89
68 86 37
68 88 33
68 72 48
68 75 85
68 97 30
68 94 40
68 74 42
68 85 70
68 84 16
68 81 71
68 78 20
69 92 68
69 99 42
69 86 2
69 78 67
69 87 69
69 98 85
69 94 51
69 70 77
69 89 67
69 79 93
69 88 36
69 71 71
69 91 90
69 73 58
69 90 28
69 95 71
69 96 47
70 98 1
70 83 99
70 77 74
70 97 50
70 88 15
70 94 41
70 86 63
70 72 54
70 76 21
70 71 74
70 85 28
70 80 40
70 90 79
70 96 38
71 73 96
71 94 12
71 91 97
71 79 84
71 85 60
71 95 69
71 89 97
71 76 70
71 90 10
71 92 83
71 84 21
71 97 35
72 77 69
72 91 4
72 99 35
72 79 29
72 81 44
72 95 38
72 87 20
72 84 63
72 88 93
72 76 98
72 74 63
72 96 73
72 89 17
72 80 11
72 85 84
72 83 64
73 93 55
73 85 13
73 98 50
73 99 75
73 96 73
73 97 89
73 81 15
73 75 48
73 83 25
74 86 18
74 89 92
74 97 2
74 88 55
74 91 67
74 96 25
74 79 28
74 82 81
74 76 54
74 92 20
74 87 41
74 98 46
74 90 28
74 83 98
74 95 65
75 84 79
75 87 37
75 97 48
75 95 70
75 81 93
75 98 100
75 76 65
75 80 90
75 99 57
76 95 98
76 94 73
76 88 90
76 77 2
76 80 31
76 82 62
76 83 19
76 98 63
76 99 41
76 97 23
76 81 50
76 84 62
76 91 59
76 79 72
77 88 26
77 82 34
77 92 27
77 98 37
77 85 79
77 79 12
77 78 38
77 91 19
77 80 6
78 82 72
78 98 50
78 83 2
78 94 33
78 91 60
78 85 83
78 93 13
78 87 89
78 80 25
78 92 79
78 95 52
78 79 85
78 88 98
79 94 25
79 87 52
79 95 73
79 83 47
79 93 27
79 88 40
79 84 91
79 99 79
79 80 18
79 81 14
79 86 99
80 98 35
80 91 89
80 85 92
80 83 42
80 92 54
80 81 62
80 88 3
80 95 15
80 97 18
80 94 53
81 89 35
81 92 92
81 91 52
81 87 82
81 93 73
81 99 17
81 90 85
81 86 12
81 95 75
82 94 51
82 85 75
82 86 99
82 92 50
82 91 72
82 96 11
82 99 1
82 88 69
82 95 2
82 98 95
82 83 4
83 87 26
83 92 25
83 94 10
83 98 62
83 97 78
83 99 88
84 89 79
84 87 5
84 85 90
84 86 3
84 91 14
84 97 13
84 90 58
84 99 5
84 96 4
84 94 46
85 88 82
85 89 34
85 86 88
85 94 63
85 87 47
85 98 63
85 95 14
86 94 4
86 91 47
86 89 51
86 98 17
86 97 81
86 87 63
86 90 1
87 94 7
87 93 94
87 90 81
87 96 53
87 97 5
87 91 4
88 98 71
88 89 34
88 95 13
88 94 71
88 93 62
88 96 57
88 97 61
89 97 81
89 98 47
89 96 5
89 94 81
90 98 77
90 91 9
90 93 62
90 92 51
90 94 71
91 92 89
91 99 68
91 93 60
91 98 17
92 98 3
92 93 33
92 95 89
92 99 1
92 96 69
93 99 9
93 97 26
93 96 39
93 98 5
94 95 15
94 96 80
94 99 88
95 98 28
95 97 59
95 99 93
96 98 44
97 99 55
97 98 20
